-4.979999999999999432e+02 7.187024829033560991e+01
-4.939999999999999432e+02 7.115499749537514163e+01
-4.899999999999999432e+02 7.077758719068441451e+01
-4.859999999999998863e+02 7.057818300455392091e+01
-4.819999999999998863e+02 7.050884594058953780e+01
-4.779999999999998863e+02 7.054571445833238386e+01
-4.739999999999999432e+02 7.066825652279220549e+01
-4.699999999999999432e+02 7.085539754415094649e+01
-4.659999999999998863e+02 7.108657533273640183e+01
-4.619999999999999432e+02 7.134349267880622847e+01
-4.579999999999999432e+02 7.161117215316892270e+01
-4.539999999999998863e+02 7.187818560736974405e+01
-4.499999999999999432e+02 7.213635094329174535e+01
-4.459999999999999432e+02 7.238020043003911042e+01
-4.419999999999998863e+02 7.260641508247397269e+01
-4.379999999999999432e+02 7.281331682992788501e+01
-4.339999999999999432e+02 7.300044616125416042e+01
-4.299999999999998863e+02 7.316822204095825555e+01
-4.259999999999999432e+02 7.331767017763638705e+01
-4.219999999999999432e+02 7.345020522001078689e+01
-4.179999999999999432e+02 7.356745591433923437e+01
-4.139999999999999432e+02 7.367112629744326568e+01
-4.099999999999999432e+02 7.376288893228110055e+01
-4.059999999999998863e+02 7.384430766430733684e+01
-4.019999999999999432e+02 7.391678747102434954e+01
-3.979999999999999432e+02 7.398154833365680361e+01
-3.939999999999999432e+02 7.403956113289200403e+01
-3.899999999999999432e+02 7.409164371417722350e+01
-3.859999999999999432e+02 7.413851138138278429e+01
-3.819999999999998863e+02 7.418072892320992651e+01
-3.779999999999999432e+02 7.421875046065912329e+01
-3.739999999999999432e+02 7.425294569875194384e+01
-3.699999999999999432e+02 7.428362310691858283e+01
-3.659999999999999432e+02 7.431104884747810502e+01
-3.619999999999999432e+02 7.433546107358517929e+01
-3.579999999999998863e+02 7.435707973109816749e+01
-3.539999999999998863e+02 7.437611245629199175e+01
-3.499999999999999432e+02 7.439275731010769732e+01
-3.459999999999999432e+02 7.440720323401546921e+01
-3.419999999999998863e+02 7.441962903976985899e+01
-3.379999999999999432e+02 7.443020167821316591e+01
-3.339999999999998863e+02 7.443907438545085142e+01
-3.299999999999998863e+02 7.444638511485578647e+01
-3.259999999999999432e+02 7.445225553025773024e+01
-3.219999999999999432e+02 7.445679067396770279e+01
-3.179999999999998863e+02 7.446007931862283158e+01
-3.139999999999999432e+02 7.446219491721046779e+01
-3.099999999999998863e+02 7.446319700757175042e+01
-3.059999999999998863e+02 7.446313290813230878e+01
-3.019999999999999432e+02 7.446203956733484119e+01
-2.979999999999999432e+02 7.445994540834811914e+01
-2.939999999999999432e+02 7.445687206823180304e+01
-2.899999999999999432e+02 7.445283594804323002e+01
-2.859999999999998863e+02 7.444784951848185983e+01
-2.819999999999998863e+02 7.444192238114237625e+01
-2.779999999999999432e+02 7.443506205625789107e+01
-2.739999999999999432e+02 7.442727454353604344e+01
-2.699999999999999432e+02 7.441856467146959631e+01
-2.659999999999999432e+02 7.440893626481232559e+01
-2.619999999999998863e+02 7.439839216835025582e+01
-2.579999999999998863e+02 7.438693416829300986e+01
-2.539999999999999147e+02 7.437456283131422197e+01
-2.499999999999999432e+02 7.436127728895297651e+01
-2.459999999999998863e+02 7.434707499577365297e+01
-2.419999999999999147e+02 7.433195147724006802e+01
-2.379999999999999432e+02 7.431590009811475284e+01
-2.339999999999998863e+02 7.429891184773930490e+01
-2.299999999999999147e+02 7.428097516997905814e+01
-2.259999999999999432e+02 7.426207585133715838e+01
-2.219999999999998863e+02 7.424219695610986491e+01
-2.179999999999999147e+02 7.422131883350601811e+01
-2.139999999999999432e+02 7.419941919544885423e+01
-2.099999999999998863e+02 7.417647326659499640e+01
-2.059999999999999147e+02 7.415245398728376358e+01
-2.019999999999999432e+02 7.412733227453406926e+01
-1.979999999999998863e+02 7.410107731753731741e+01
-1.939999999999999147e+02 7.407365688451500318e+01
-1.899999999999999147e+02 7.404503761052262689e+01
-1.859999999999998863e+02 7.401518525204193111e+01
-1.819999999999999147e+02 7.398407444110262077e+01
-1.779999999999999147e+02 7.395170071798384015e+01
-1.739999999999998863e+02 7.391803304525632257e+01
-1.699999999999999147e+02 7.388303958137265681e+01
-1.659999999999999147e+02 7.384668729121693787e+01
-1.619999999999998863e+02 7.380894117908587759e+01
-1.579999999999999147e+02 7.376976328025182283e+01
-1.539999999999999147e+02 7.372911142514868743e+01
-1.499999999999998863e+02 7.368693783386032692e+01
-1.459999999999999147e+02 7.364318764474717227e+01
-1.419999999999999147e+02 7.359779748831226698e+01
-1.379999999999998863e+02 7.355069429263085112e+01
-1.339999999999999147e+02 7.350179451467471381e+01
-1.299999999999999147e+02 7.345100402165792275e+01
-1.259999999999998863e+02 7.339821885440835558e+01
-1.219999999999999005e+02 7.334332707101651749e+01
-1.179999999999999147e+02 7.328621180933282631e+01
-1.139999999999998863e+02 7.322675559959441216e+01
-1.099999999999999005e+02 7.316484582555204952e+01
-1.059999999999999147e+02 7.310038103142443333e+01
-1.019999999999999289e+02 7.303327756461663967e+01
-9.799999999999990052e+01 7.296347576668830470e+01
-9.399999999999991473e+01 7.289094473430634480e+01
-8.999999999999992895e+01 7.281568443596796669e+01
-8.599999999999990052e+01 7.273772384119621393e+01
-8.199999999999991473e+01 7.265711372158386894e+01
-7.799999999999992895e+01 7.257391290193845634e+01
-7.399999999999990052e+01 7.248816708964255895e+01
-6.999999999999991473e+01 7.239987999762087156e+01
-6.599999999999992895e+01 7.230897734758559636e+01
-6.199999999999989342e+01 7.221526542861994358e+01
-5.799999999999990763e+01 7.211838726170236669e+01
-5.399999999999992895e+01 7.201778094858951818e+01
-4.999999999999989342e+01 7.191264627795499109e+01
-4.599999999999990763e+01 7.180192699547063739e+01
-4.199999999999992895e+01 7.168431691807319339e+01
-3.799999999999989342e+01 7.155829801095012499e+01
-3.399999999999990763e+01 7.142221721540994395e+01
-2.999999999999992539e+01 7.127440609366999524e+01
-2.599999999999988987e+01 7.111334310415151094e+01
-2.199999999999990408e+01 7.093785282186905761e+01
-1.799999999999986855e+01 7.074733041188221705e+01
-1.399999999999988631e+01 7.054197382798025728e+01
-9.999999999999904077e+00 7.032300146043371569e+01
-5.999999999999920952e+00 7.009282956559945887e+01
-1.999999999999938494e+00 6.985495269123731532e+01
2.000000000000150102e+00 6.961650962008349097e+01
6.000000000000133227e+00 6.938455035843992391e+01
1.000000000000011546e+01 6.916613839540991648e+01
1.400000000000009948e+01 6.896827911350004570e+01
1.800000000000008171e+01 6.879695224127357278e+01
2.200000000000006395e+01 6.865579275902894096e+01
2.600000000000004619e+01 6.854439797185943917e+01
3.000000000000013500e+01 6.845632260047449336e+01
3.400000000000012079e+01 6.837697640750496930e+01
3.800000000000009948e+01 6.828184800578890190e+01
4.200000000000008527e+01 6.813568798988814024e+01
4.600000000000007105e+01 6.789337965793282592e+01
5.000000000000004974e+01 6.750298735223253743e+01
5.400000000000014211e+01 6.691040048717599120e+01
5.800000000000012079e+01 6.606179793756234631e+01
6.200000000000010658e+01 6.492395173480690573e+01
6.600000000000008527e+01 6.350784994392870431e+01
