-4.979999999999999432e+02 6.327126700448366137e+01
-4.939999999999999432e+02 6.208788523774541090e+01
-4.899999999999999432e+02 6.138047394372011922e+01
-4.859999999999998863e+02 6.084405476352907272e+01
-4.819999999999998863e+02 6.040500947276291299e+01
-4.779999999999998863e+02 6.004618922818264082e+01
-4.739999999999999432e+02 5.976538869934546483e+01
-4.699999999999999432e+02 5.956064170172328431e+01
-4.659999999999998863e+02 5.942587732776479470e+01
-4.619999999999999432e+02 5.935169373637421586e+01
-4.579999999999999432e+02 5.932768944137535527e+01
-4.539999999999998863e+02 5.934434900897576881e+01
-4.499999999999999432e+02 5.939385427063206180e+01
-4.459999999999999432e+02 5.946999380058383622e+01
-4.419999999999998863e+02 5.956761232554981689e+01
-4.379999999999999432e+02 5.968199932908396477e+01
-4.339999999999999432e+02 5.980846005656928810e+01
-4.299999999999998863e+02 5.994215861236511955e+01
-4.259999999999999432e+02 6.007821585778901863e+01
-4.219999999999999432e+02 6.021198547337598939e+01
-4.179999999999999432e+02 6.033940608315845111e+01
-4.139999999999999432e+02 6.045732566702747590e+01
-4.099999999999999432e+02 6.056371286171247448e+01
-4.059999999999998863e+02 6.065770555667012331e+01
-4.019999999999999432e+02 6.073949272335551086e+01
-3.979999999999999432e+02 6.081006806356384686e+01
-3.939999999999999432e+02 6.087092064414588322e+01
-3.899999999999999432e+02 6.092373160631416340e+01
-3.859999999999999432e+02 6.097013000609933897e+01
-3.819999999999998863e+02 6.101153393040578976e+01
-3.779999999999999432e+02 6.104907671646600420e+01
-3.739999999999999432e+02 6.108359980777032661e+01
-3.699999999999999432e+02 6.111568611769558856e+01
-3.659999999999999432e+02 6.114570928533737515e+01
-3.619999999999999432e+02 6.117388105519000874e+01
-3.579999999999998863e+02 6.120028768558188403e+01
-3.539999999999998863e+02 6.122491365413276299e+01
-3.499999999999999432e+02 6.124765612045325724e+01
-3.459999999999999432e+02 6.126833560236730136e+01
-3.419999999999998863e+02 6.128670838662969800e+01
-3.379999999999999432e+02 6.130248427909077691e+01
-3.339999999999998863e+02 6.131535102703298890e+01
-3.299999999999998863e+02 6.132500434374651377e+01
-3.259999999999999432e+02 6.133118067022223840e+01
-3.219999999999999432e+02 6.133368889620743403e+01
-3.179999999999998863e+02 6.133243716136553303e+01
-3.139999999999999432e+02 6.132745163749808626e+01
-3.099999999999998863e+02 6.131888546791003591e+01
-3.059999999999998863e+02 6.130701742185232206e+01
-3.019999999999999432e+02 6.129224105501526765e+01
-2.979999999999999432e+02 6.127504612048358013e+01
-2.939999999999999432e+02 6.125599426328318486e+01
-2.899999999999999432e+02 6.123569125591535567e+01
-2.859999999999998863e+02 6.121475770931442639e+01
-2.819999999999998863e+02 6.119379982904797544e+01
-2.779999999999999432e+02 6.117338162188394790e+01
-2.739999999999999432e+02 6.115399969425135396e+01
-2.699999999999999432e+02 6.113606171431655412e+01
-2.659999999999999432e+02 6.111986958473056575e+01
-2.619999999999998863e+02 6.110560833873660158e+01
-2.579999999999998863e+02 6.109334161786705408e+01
-2.539999999999999147e+02 6.108301426800130685e+01
-2.499999999999999432e+02 6.107446227045164733e+01
-2.459999999999998863e+02 6.106742955442007315e+01
-2.419999999999999147e+02 6.106159073488311151e+01
-2.379999999999999432e+02 6.105657826990221793e+01
-2.339999999999998863e+02 6.105201206789786283e+01
-2.299999999999999147e+02 6.104752934605829751e+01
-2.259999999999999432e+02 6.104281242705690147e+01
-2.219999999999998863e+02 6.103761245347033082e+01
-2.179999999999999147e+02 6.103176714437233841e+01
-2.139999999999999432e+02 6.102521138112041399e+01
-2.099999999999998863e+02 6.101797987773159093e+01
-2.059999999999999147e+02 6.101020181576495816e+01
-2.019999999999999432e+02 6.100208788406825988e+01
-1.979999999999998863e+02 6.099391069126806997e+01
-1.939999999999999147e+02 6.098598001644000988e+01
-1.899999999999999147e+02 6.097861464198672365e+01
-1.859999999999998863e+02 6.097211279432497122e+01
-1.819999999999999147e+02 6.096672332703718666e+01
-1.779999999999999147e+02 6.096261980915926415e+01
-1.739999999999998863e+02 6.095987949460732125e+01
-1.699999999999999147e+02 6.095846897682076815e+01
-1.659999999999999147e+02 6.095823784391330946e+01
-1.619999999999998863e+02 6.095892136077480927e+01
-1.579999999999999147e+02 6.096015252946870078e+01
-1.539999999999999147e+02 6.096148336849802263e+01
-1.499999999999998863e+02 6.096241467092897892e+01
-1.459999999999999147e+02 6.096243291876737658e+01
-1.419999999999999147e+02 6.096105262485804133e+01
-1.379999999999998863e+02 6.095786182940298659e+01
-1.339999999999999147e+02 6.095256828355252310e+01
-1.299999999999999147e+02 6.094504363227463273e+01
-1.259999999999998863e+02 6.093536278335125189e+01
-1.219999999999999005e+02 6.092383568131691618e+01
-1.179999999999999147e+02 6.091102871951898123e+01
-1.139999999999998863e+02 6.089777306679695812e+01
-1.099999999999999005e+02 6.088515720820396382e+01
-1.059999999999999147e+02 6.087450112503205446e+01
-1.019999999999999289e+02 6.086730972738280343e+01
-9.799999999999990052e+01 6.086520360391341455e+01
-9.399999999999991473e+01 6.086982612932058601e+01
-8.999999999999992895e+01 6.088272732055020242e+01
-8.599999999999990052e+01 6.090522714351556033e+01
-8.199999999999991473e+01 6.093826390915859292e+01
-7.799999999999992895e+01 6.098223685954610573e+01
-7.399999999999990052e+01 6.103685581242325497e+01
-6.999999999999991473e+01 6.110101388332878969e+01
-6.599999999999992895e+01 6.117270121850862097e+01
-6.199999999999989342e+01 6.124897678060989392e+01
-5.799999999999990763e+01 6.132601142935197913e+01
-5.399999999999992895e+01 6.139920825586614228e+01
-4.999999999999989342e+01 6.146339724410012195e+01
-4.599999999999990763e+01 6.151309314762323766e+01
-4.199999999999992895e+01 6.154280228540704911e+01
-3.799999999999989342e+01 6.154736866971813924e+01
-3.399999999999990763e+01 6.152236367350411683e+01
-2.999999999999992539e+01 6.146454270109580875e+01
-2.599999999999988987e+01 6.137240855466802714e+01
-2.199999999999990408e+01 6.124692251837836920e+01
-1.799999999999986855e+01 6.109237824000916817e+01
-1.399999999999988631e+01 6.091739642103067354e+01
-9.999999999999904077e+00 6.073591739026471714e+01
-5.999999999999920952e+00 6.056798618565130710e+01
-1.999999999999938494e+00 6.044006986525027969e+01
2.000000000000150102e+00 6.038464248817018643e+01
6.000000000000133227e+00 6.043881717364416772e+01
1.000000000000011546e+01 6.064185365263915628e+01
1.400000000000009948e+01 6.103134557578329122e+01
1.800000000000008171e+01 6.163774574339942092e+01
2.200000000000006395e+01 6.248843945559974600e+01
2.600000000000004619e+01 6.358004220725388222e+01
3.000000000000013500e+01 6.485059646988634086e+01
3.400000000000012079e+01 6.619962150480711216e+01
3.800000000000009948e+01 6.749110172187647549e+01
4.200000000000008527e+01 6.849219775273365940e+01
4.600000000000007105e+01 6.902525029260459632e+01
5.000000000000004974e+01 6.894849053713556941e+01
5.400000000000014211e+01 6.815031769963911756e+01
5.800000000000012079e+01 6.652070031253219895e+01
