-4.979999999999999432e+02 7.498021793724052486e+01
-4.939999999999999432e+02 7.431388339617529937e+01
-4.899999999999999432e+02 7.398225440749348536e+01
-4.859999999999998863e+02 7.383534317003977776e+01
-4.819999999999998863e+02 7.382191222205045733e+01
-4.779999999999998863e+02 7.391946467434820534e+01
-4.739999999999999432e+02 7.410638698290136972e+01
-4.699999999999999432e+02 7.435808855119540794e+01
-4.659999999999998863e+02 7.465169670207359331e+01
-4.619999999999999432e+02 7.496786192901993218e+01
-4.579999999999999432e+02 7.529133014286941261e+01
-4.539999999999998863e+02 7.561088678653686657e+01
-4.499999999999999432e+02 7.591879432480720880e+01
-4.459999999999999432e+02 7.621008122624147063e+01
-4.419999999999998863e+02 7.648187546361879185e+01
-4.379999999999999432e+02 7.673285281519696355e+01
-4.339999999999999432e+02 7.696280527129039228e+01
-4.299999999999998863e+02 7.717230968302857264e+01
-4.259999999999999432e+02 7.736247247735525434e+01
-4.219999999999999432e+02 7.753473042295752293e+01
-4.179999999999999432e+02 7.769069375189002358e+01
-4.139999999999999432e+02 7.783202330566803084e+01
-4.099999999999999432e+02 7.796033703983340502e+01
-4.059999999999998863e+02 7.807692051726922955e+01
-4.019999999999999432e+02 7.818293725988269216e+01
-3.979999999999999432e+02 7.827967210992881064e+01
-3.939999999999999432e+02 7.836818415410482430e+01
-3.899999999999999432e+02 7.844935772581982292e+01
-3.859999999999999432e+02 7.852392051978847576e+01
-3.819999999999998863e+02 7.859246687081594018e+01
-3.779999999999999432e+02 7.865548289399026771e+01
-3.739999999999999432e+02 7.871337081779154232e+01
-3.699999999999999432e+02 7.876647064932774356e+01
-3.659999999999999432e+02 7.881507809316531166e+01
-3.619999999999999432e+02 7.885945829375606309e+01
-3.579999999999998863e+02 7.889985551507669470e+01
-3.539999999999998863e+02 7.893649923363710741e+01
-3.499999999999999432e+02 7.896960732071488565e+01
-3.459999999999999432e+02 7.899938709737187992e+01
-3.419999999999998863e+02 7.902603500784238122e+01
-3.379999999999999432e+02 7.904973559563040908e+01
-3.339999999999998863e+02 7.907066031259523697e+01
-3.299999999999998863e+02 7.908896651817673273e+01
-3.259999999999999432e+02 7.910479692717211719e+01
-3.219999999999999432e+02 7.911827956236743375e+01
-3.179999999999998863e+02 7.912952824698089671e+01
-3.139999999999999432e+02 7.913864351349724302e+01
-3.099999999999998863e+02 7.914571384028153034e+01
-3.059999999999998863e+02 7.915081706889043289e+01
-3.019999999999999432e+02 7.915402186528842776e+01
-2.979999999999999432e+02 7.915538912743596711e+01
-2.939999999999999432e+02 7.915497325303357457e+01
-2.899999999999999432e+02 7.915282322748322485e+01
-2.859999999999998863e+02 7.914898350730572929e+01
-2.819999999999998863e+02 7.914349469328135456e+01
-2.779999999999999432e+02 7.913639402488348651e+01
-2.739999999999999432e+02 7.912771572320883706e+01
-2.699999999999999432e+02 7.911749119586232837e+01
-2.659999999999999432e+02 7.910574915684969710e+01
-2.619999999999998863e+02 7.909251568139910660e+01
-2.579999999999998863e+02 7.907781422646030478e+01
-2.539999999999999147e+02 7.906166561854695374e+01
-2.499999999999999432e+02 7.904408803246928983e+01
-2.459999999999998863e+02 7.902509695792434741e+01
-2.419999999999999147e+02 7.900470518242786966e+01
-2.379999999999999432e+02 7.898292275472238089e+01
-2.339999999999998863e+02 7.895975698088358286e+01
-2.299999999999999147e+02 7.893521241048551929e+01
-2.259999999999999432e+02 7.890929083682544842e+01
-2.219999999999998863e+02 7.888199132203493491e+01
-2.179999999999999147e+02 7.885331023233368342e+01
-2.139999999999999432e+02 7.882324129310870831e+01
-2.099999999999998863e+02 7.879177567873836097e+01
-2.059999999999999147e+02 7.875890213231855341e+01
-2.019999999999999432e+02 7.872460711045670223e+01
-1.979999999999998863e+02 7.868887496264619585e+01
-1.939999999999999147e+02 7.865168814398361974e+01
-1.899999999999999147e+02 7.861302744104978046e+01
-1.859999999999998863e+02 7.857287220384762350e+01
-1.819999999999999147e+02 7.853120056826145401e+01
-1.779999999999999147e+02 7.848798965214513146e+01
-1.739999999999998863e+02 7.844321567469143019e+01
-1.699999999999999147e+02 7.839685400839465501e+01
-1.659999999999999147e+02 7.834887908657128719e+01
-1.619999999999998863e+02 7.829926414521037259e+01
-1.579999999999999147e+02 7.824798077902971727e+01
-1.539999999999999147e+02 7.819499827516199275e+01
-1.499999999999998863e+02 7.814028273095425448e+01
-1.459999999999999147e+02 7.808379597105169978e+01
-1.419999999999999147e+02 7.802549432460625667e+01
-1.379999999999998863e+02 7.796535924169660348e+01
-1.339999999999999147e+02 7.790347394076178489e+01
-1.299999999999999147e+02 7.783980341887649956e+01
-1.259999999999998863e+02 7.777429005898284231e+01
-1.219999999999999005e+02 7.770686839336786988e+01
-1.179999999999999147e+02 7.763746631604163895e+01
-1.139999999999998863e+02 7.756600735298280824e+01
-1.099999999999999005e+02 7.749241407908942847e+01
-1.059999999999999147e+02 7.741661263740775212e+01
-1.019999999999999289e+02 7.733853816696796457e+01
-9.799999999999990052e+01 7.725814075071184561e+01
-9.399999999999991473e+01 7.717539127221209583e+01
-8.999999999999992895e+01 7.709028633002566266e+01
-8.599999999999990052e+01 7.700285120688766938e+01
-8.199999999999991473e+01 7.691313968380256938e+01
-7.799999999999992895e+01 7.682122952548593275e+01
-7.399999999999990052e+01 7.672721253298561805e+01
-6.999999999999991473e+01 7.663117832608548952e+01
-6.599999999999992895e+01 7.653319157411931428e+01
-6.199999999999989342e+01 7.643326308082430387e+01
-5.799999999999990763e+01 7.633131615836452966e+01
-5.399999999999992895e+01 7.622715087953497459e+01
-4.999999999999989342e+01 7.612041012878819402e+01
-4.599999999999990763e+01 7.601055269583707741e+01
-4.199999999999992895e+01 7.589683973840743647e+01
-3.799999999999989342e+01 7.577834161733295559e+01
-3.399999999999990763e+01 7.565397200372831321e+01
-2.999999999999992539e+01 7.552255505638265731e+01
-2.599999999999988987e+01 7.538292911148118947e+01
-2.199999999999990408e+01 7.523408684824147485e+01
-1.799999999999986855e+01 7.507534729613786340e+01
-1.399999999999988631e+01 7.490654998114155205e+01
-9.999999999999904077e+00 7.472825631969629967e+01
-5.999999999999920952e+00 7.454193863975962131e+01
-1.999999999999938494e+00 7.435013280746431974e+01
2.000000000000150102e+00 7.415652569985843456e+01
6.000000000000133227e+00 7.396582219076418596e+01
1.000000000000011546e+01 7.378459072570439048e+01
1.400000000000009948e+01 7.362045955418881249e+01
1.800000000000008171e+01 7.347939710358161847e+01
2.200000000000006395e+01 7.336611102561846565e+01
2.600000000000004619e+01 7.328274307492978323e+01
3.000000000000013500e+01 7.322724383700773387e+01
3.400000000000012079e+01 7.319153666525073731e+01
3.800000000000009948e+01 7.315973528886968325e+01
4.200000000000008527e+01 7.310687296974458604e+01
4.600000000000007105e+01 7.299878061558928266e+01
5.000000000000004974e+01 7.279381399023520771e+01
5.400000000000014211e+01 7.244686895904982293e+01
5.800000000000012079e+01 7.191508762348604478e+01
6.200000000000010658e+01 7.116160647947737061e+01
6.600000000000008527e+01 7.014300268525897764e+01
