-4.979999999999999432e+02 6.999196590265557916e+01
-4.939999999999999432e+02 6.924478917593461347e+01
-4.899999999999999432e+02 6.883428208112746916e+01
-4.859999999999998863e+02 6.859408344661517276e+01
-4.819999999999998863e+02 6.847529979123953581e+01
-4.779999999999998863e+02 6.845592835443051172e+01
-4.739999999999999432e+02 6.851859189031927144e+01
-4.699999999999999432e+02 6.864534564990043464e+01
-4.659999999999998863e+02 6.881790373225192070e+01
-4.619999999999999432e+02 6.901916835456569288e+01
-4.579999999999999432e+02 6.923447572360305458e+01
-4.539999999999998863e+02 6.945216505027070752e+01
-4.499999999999999432e+02 6.966358329193354848e+01
-4.459999999999999432e+02 6.986276091286953260e+01
-4.419999999999998863e+02 7.004571566639862112e+01
-4.379999999999999432e+02 7.020996823810213527e+01
-4.339999999999999432e+02 7.035558056934553406e+01
-4.299999999999998863e+02 7.048291697197680605e+01
-4.259999999999999432e+02 7.059298830285132453e+01
-4.219999999999999432e+02 7.068723063785324712e+01
-4.179999999999999432e+02 7.076732378630077847e+01
-4.139999999999999432e+02 7.083504325156758341e+01
-4.099999999999999432e+02 7.089214283570657926e+01
-4.059999999999998863e+02 7.094026677851354634e+01
-4.019999999999999432e+02 7.098089056208618786e+01
-3.979999999999999432e+02 7.101528827882907535e+01
-3.939999999999999432e+02 7.104452300500753381e+01
-3.899999999999999432e+02 7.106945537577314553e+01
-3.859999999999999432e+02 7.109076484137256102e+01
-3.819999999999998863e+02 7.110897830110809537e+01
-3.779999999999999432e+02 7.112450140989903957e+01
-3.739999999999999432e+02 7.113764892850588240e+01
-3.699999999999999432e+02 7.114867159131318886e+01
-3.659999999999999432e+02 7.115777810940812742e+01
-3.619999999999999432e+02 7.116515176559875044e+01
-3.579999999999998863e+02 7.117096177674756063e+01
-3.539999999999998863e+02 7.117537002787162237e+01
-3.499999999999999432e+02 7.117853405527102950e+01
-3.459999999999999432e+02 7.118060723634226861e+01
-3.419999999999998863e+02 7.118173717674761747e+01
-3.379999999999999432e+02 7.118206312621515508e+01
-3.339999999999998863e+02 7.118171313561413172e+01
-3.299999999999998863e+02 7.118080149089479391e+01
-3.259999999999999432e+02 7.117942678761198749e+01
-3.219999999999999432e+02 7.117767083023545638e+01
-3.179999999999998863e+02 7.117559841238892204e+01
-3.139999999999999432e+02 7.117325790478525960e+01
-3.099999999999998863e+02 7.117068251992657224e+01
-3.059999999999998863e+02 7.116789209041303366e+01
-3.019999999999999432e+02 7.116489516320319808e+01
-2.979999999999999432e+02 7.116169121995551450e+01
-2.939999999999999432e+02 7.115827286544100616e+01
-2.899999999999999432e+02 7.115462787907443953e+01
-2.859999999999998863e+02 7.115074102130211031e+01
-2.819999999999998863e+02 7.114659553827993932e+01
-2.779999999999999432e+02 7.114217434929486217e+01
-2.739999999999999432e+02 7.113746089867555611e+01
-2.699999999999999432e+02 7.113243969403276878e+01
-2.659999999999999432e+02 7.112709659122407402e+01
-2.619999999999998863e+02 7.112141881668179622e+01
-2.579999999999998863e+02 7.111539481968418386e+01
-2.539999999999999147e+02 7.110901396999594226e+01
-2.499999999999999432e+02 7.110226616746888340e+01
-2.459999999999998863e+02 7.109514140316144903e+01
-2.419999999999999147e+02 7.108762929295045296e+01
-2.379999999999999432e+02 7.107971864551251429e+01
-2.339999999999998863e+02 7.107139708608968931e+01
-2.299999999999999147e+02 7.106265076028938665e+01
-2.259999999999999432e+02 7.105346412694638047e+01
-2.219999999999998863e+02 7.104381987977200197e+01
-2.179999999999999147e+02 7.103369896621302360e+01
-2.139999999999999432e+02 7.102308074622106915e+01
-2.099999999999998863e+02 7.101194324489438259e+01
-2.059999999999999147e+02 7.100026348583412528e+01
-2.019999999999999432e+02 7.098801790433253700e+01
-1.979999999999998863e+02 7.097518278157178884e+01
-1.939999999999999147e+02 7.096173467157052528e+01
-1.899999999999999147e+02 7.094765075827029932e+01
-1.859999999999998863e+02 7.093290912097728551e+01
-1.819999999999999147e+02 7.091748882039456703e+01
-1.779999999999999147e+02 7.090136979158683062e+01
-1.739999999999998863e+02 7.088453246957550391e+01
-1.699999999999999147e+02 7.086695713778027539e+01
-1.659999999999999147e+02 7.084862296295028727e+01
-1.619999999999998863e+02 7.082950676872826534e+01
-1.579999999999999147e+02 7.080958153203590655e+01
-1.539999999999999147e+02 7.078881474212721514e+01
-1.499999999999998863e+02 7.076716669626978273e+01
-1.459999999999999147e+02 7.074458891679597627e+01
-1.419999999999999147e+02 7.072102289941955178e+01
-1.379999999999998863e+02 7.069639942373316899e+01
-1.339999999999999147e+02 7.067063868237261204e+01
-1.299999999999999147e+02 7.064365149913874120e+01
-1.259999999999998863e+02 7.061534181060397941e+01
-1.219999999999999005e+02 7.058561060876274951e+01
-1.179999999999999147e+02 7.055436133001359167e+01
-1.139999999999998863e+02 7.052150658316344334e+01
-1.099999999999999005e+02 7.048697586614952115e+01
-1.059999999999999147e+02 7.045072367844386463e+01
-1.019999999999999289e+02 7.041273720925715907e+01
-9.799999999999990052e+01 7.037304248392115369e+01
-9.399999999999991473e+01 7.033170762408053633e+01
-8.999999999999992895e+01 7.028884169783913194e+01
-8.599999999999990052e+01 7.024458764101683528e+01
-8.199999999999991473e+01 7.019910777140512437e+01
-7.799999999999992895e+01 7.015256073765101519e+01
-7.399999999999990052e+01 7.010506932080545539e+01
-6.999999999999991473e+01 7.005667936853717492e+01
-6.599999999999992895e+01 7.000731133750088020e+01
-6.199999999999989342e+01 6.995679189699143308e+01
-5.799999999999990763e+01 6.990465141939779414e+01
-5.399999999999992895e+01 6.985012474990440978e+01
-4.999999999999989342e+01 6.979215089868358746e+01
-4.599999999999990763e+01 6.972936172264752486e+01
-4.199999999999992895e+01 6.966011334704381852e+01
-3.799999999999989342e+01 6.958256152730621125e+01
-3.399999999999990763e+01 6.949478741181701480e+01
-2.999999999999992539e+01 6.939497593196801972e+01
-2.599999999999988987e+01 6.928164312407648140e+01
-2.199999999999990408e+01 6.915390158148687760e+01
-1.799999999999986855e+01 6.901174576271074557e+01
-1.399999999999988631e+01 6.885633200830835676e+01
-9.999999999999904077e+00 6.869022258010545556e+01
-5.999999999999920952e+00 6.851755921231239199e+01
-1.999999999999938494e+00 6.834412845864943620e+01
2.000000000000150102e+00 6.817727684161820889e+01
6.000000000000133227e+00 6.802562554216848412e+01
1.000000000000011546e+01 6.789852046126856067e+01
1.400000000000009948e+01 6.780513592804334166e+01
1.800000000000008171e+01 6.775313893756219841e+01
2.200000000000006395e+01 6.774683593821879413e+01
2.600000000000004619e+01 6.778479468080996639e+01
3.000000000000013500e+01 6.785708500922623898e+01
3.400000000000012079e+01 6.794251802065440415e+01
3.800000000000009948e+01 6.800654412560726314e+01
4.200000000000008527e+01 6.800071309544097176e+01
4.600000000000007105e+01 6.786467519847894891e+01
5.000000000000004974e+01 6.753137451011497205e+01
5.400000000000014211e+01 6.693473149291861546e+01
5.800000000000012079e+01 6.601511712670702536e+01
6.200000000000010658e+01 6.474427037160234022e+01
6.600000000000008527e+01 6.314105205017170874e+01
