-4.979999999999999432e+02 6.966838356748775141e+01
-4.939999999999999432e+02 6.890481007965587423e+01
-4.899999999999999432e+02 6.848236755572759193e+01
-4.859999999999998863e+02 6.823029633567500696e+01
-4.819999999999998863e+02 6.809838596970672597e+01
-4.779999999999998863e+02 6.806456186869348812e+01
-4.739999999999999432e+02 6.811193191606008668e+01
-4.699999999999999432e+02 6.822315349172316701e+01
-4.659999999999998863e+02 6.838041854836819766e+01
-4.619999999999999432e+02 6.856691186767375257e+01
-4.579999999999999432e+02 6.876808435457354562e+01
-4.539999999999998863e+02 6.897228088649620759e+01
-4.499999999999999432e+02 6.917079810396347739e+01
-4.459999999999999432e+02 6.935759612005301733e+01
-4.419999999999998863e+02 6.952886193147998029e+01
-4.379999999999999432e+02 6.968255041334009547e+01
-4.339999999999999432e+02 6.981796558360053950e+01
-4.299999999999998863e+02 6.993540370314536858e+01
-4.259999999999999432e+02 7.003577062696871280e+01
-4.219999999999999432e+02 7.012047855604629376e+01
-4.179999999999999432e+02 7.019138013727075531e+01
-4.139999999999999432e+02 7.025027061856263799e+01
-4.099999999999999432e+02 7.029892449316935199e+01
-4.059999999999998863e+02 7.033900502135674060e+01
-4.019999999999999432e+02 7.037200269541142461e+01
-3.979999999999999432e+02 7.039920097336357685e+01
-3.939999999999999432e+02 7.042166584366913185e+01
-3.899999999999999432e+02 7.044025441253916142e+01
-3.859999999999999432e+02 7.045563685969221979e+01
-3.819999999999998863e+02 7.046832622183114836e+01
-3.779999999999999432e+02 7.047871105228773558e+01
-3.739999999999999432e+02 7.048708712261486653e+01
-3.699999999999999432e+02 7.049368553478751664e+01
-3.659999999999999432e+02 7.049869572714504784e+01
-3.619999999999999432e+02 7.050228282472789942e+01
-3.579999999999998863e+02 7.050459952144120734e+01
-3.539999999999998863e+02 7.050579307499918968e+01
-3.499999999999999432e+02 7.050600837065599080e+01
-3.459999999999999432e+02 7.050538804248952829e+01
-3.419999999999998863e+02 7.050407064013148783e+01
-3.379999999999999432e+02 7.050218777370855605e+01
-3.339999999999998863e+02 7.049986092940054050e+01
-3.299999999999998863e+02 7.049719857035091763e+01
-3.259999999999999432e+02 7.049429389756022601e+01
-3.219999999999999432e+02 7.049122345371984011e+01
-3.179999999999998863e+02 7.048804667279421210e+01
-3.139999999999999432e+02 7.048480633692639685e+01
-3.099999999999998863e+02 7.048152975607894177e+01
-3.059999999999998863e+02 7.047823052064603644e+01
-3.019999999999999432e+02 7.047491063483715834e+01
-2.979999999999999432e+02 7.047156282151007645e+01
-2.939999999999999432e+02 7.046817283139665733e+01
-2.899999999999999432e+02 7.046472162755247837e+01
-2.859999999999998863e+02 7.046118731902402033e+01
-2.819999999999998863e+02 7.045754679242548946e+01
-2.779999999999999432e+02 7.045377700662521647e+01
-2.739999999999999432e+02 7.044985592641756966e+01
-2.699999999999999432e+02 7.044576313450971838e+01
-2.659999999999999432e+02 7.044148012457662844e+01
-2.619999999999998863e+02 7.043699035317428070e+01
-2.579999999999998863e+02 7.043227906878149724e+01
-2.539999999999999147e+02 7.042733298020942811e+01
-2.499999999999999432e+02 7.042213981525338795e+01
-2.459999999999998863e+02 7.041668782662736703e+01
-2.419999999999999147e+02 7.041096528752103723e+01
-2.379999999999999432e+02 7.040496000799413423e+01
-2.339999999999998863e+02 7.039865890867406506e+01
-2.299999999999999147e+02 7.039204769710090659e+01
-2.259999999999999432e+02 7.038511064111207816e+01
-2.219999999999998863e+02 7.037783048417378495e+01
-2.179999999999999147e+02 7.037018847515236075e+01
-2.139999999999999432e+02 7.036216453410122540e+01
-2.099999999999998863e+02 7.035373753503461103e+01
-2.059999999999999147e+02 7.034488567566853590e+01
-2.019999999999999432e+02 7.033558690845580941e+01
-1.979999999999998863e+02 7.032581940320193326e+01
-1.939999999999999147e+02 7.031556197143015652e+01
-1.899999999999999147e+02 7.030479444317603566e+01
-1.859999999999998863e+02 7.029349788387031595e+01
-1.819999999999999147e+02 7.028165464989024258e+01
-1.779999999999999147e+02 7.026924819905070763e+01
-1.739999999999998863e+02 7.025626260409546830e+01
-1.699999999999999147e+02 7.024268177456207241e+01
-1.659999999999999147e+02 7.022848835560319003e+01
-1.619999999999998863e+02 7.021366233467216489e+01
-1.579999999999999147e+02 7.019817941048944476e+01
-1.539999999999999147e+02 7.018200922649486984e+01
-1.499999999999998863e+02 7.016511360764036453e+01
-1.459999999999999147e+02 7.014744499428957170e+01
-1.419999999999999147e+02 7.012894529724741233e+01
-1.379999999999998863e+02 7.010954542526258138e+01
-1.339999999999999147e+02 7.008916578188501489e+01
-1.299999999999999147e+02 7.006771792962769041e+01
-1.259999999999998863e+02 7.004510771503328215e+01
-1.219999999999999005e+02 7.002123989186253539e+01
-1.179999999999999147e+02 6.999602810092062555e+01
-1.139999999999998863e+02 6.996942402528873117e+01
-1.099999999999999005e+02 6.994136131659905686e+01
-1.059999999999999147e+02 6.991181656019534785e+01
-1.019999999999999289e+02 6.988080408107396124e+01
-9.799999999999990052e+01 6.984838172807513956e+01
-9.399999999999991473e+01 6.981465317557956496e+01
-8.999999999999992895e+01 6.977976516237470150e+01
-8.599999999999990052e+01 6.974389809060158996e+01
-8.199999999999991473e+01 6.970724851514410148e+01
-7.799999999999992895e+01 6.967000254462755038e+01
-7.399999999999990052e+01 6.963229978057972858e+01
-6.999999999999991473e+01 6.959418846129591429e+01
-6.599999999999992895e+01 6.955557370335617406e+01
-6.199999999999989342e+01 6.951616243090273883e+01
-5.799999999999990763e+01 6.947541030166746623e+01
-5.399999999999992895e+01 6.943247783310636123e+01
-4.999999999999989342e+01 6.938620454626357059e+01
-4.599999999999990763e+01 6.933511107004687801e+01
-4.199999999999992895e+01 6.927743922246725106e+01
-3.799999999999989342e+01 6.921123901609013274e+01
-3.399999999999990763e+01 6.913450842260942864e+01
-2.999999999999992539e+01 6.904538730176597028e+01
-2.599999999999988987e+01 6.894240051996126795e+01
-2.199999999999990408e+01 6.882473811994401558e+01
-1.799999999999986855e+01 6.869255306082129664e+01
-1.399999999999988631e+01 6.854725039253548857e+01
-9.999999999999904077e+00 6.839173670401953586e+01
-5.999999999999920952e+00 6.823059462112030360e+01
-1.999999999999938494e+00 6.807014357093345325e+01
2.000000000000150102e+00 6.791834201091410250e+01
6.000000000000133227e+00 6.778447566105592159e+01
1.000000000000011546e+01 6.767855935314690896e+01
1.400000000000009948e+01 6.761036031843826777e+01
1.800000000000008171e+01 6.758794034551010554e+01
2.200000000000006395e+01 6.761563614233125463e+01
2.600000000000004619e+01 6.769148238824914188e+01
3.000000000000013500e+01 6.780425465052786649e+01
3.400000000000012079e+01 6.793056673427264514e+01
3.800000000000009948e+01 6.803275157973786236e+01
4.200000000000008527e+01 6.805849711647493905e+01
4.600000000000007105e+01 6.794327325593735623e+01
5.000000000000004974e+01 6.761623505324570260e+01
5.400000000000014211e+01 6.700885894815866095e+01
5.800000000000012079e+01 6.606134798900882288e+01
6.200000000000010658e+01 6.474520089661143629e+01
6.600000000000008527e+01 6.308543263740523344e+01
