-4.979999999999999432e+02 7.032350442285138570e+01
-4.939999999999999432e+02 6.923444831826344625e+01
-4.899999999999999432e+02 6.847293651312907059e+01
-4.859999999999998863e+02 6.779877047303403970e+01
-4.819999999999998863e+02 6.713935706379965040e+01
-4.779999999999998863e+02 6.646477726680359410e+01
-4.739999999999999432e+02 6.575206676936466010e+01
-4.699999999999999432e+02 6.497907996361317373e+01
-4.659999999999998863e+02 6.416023431136937916e+01
-4.619999999999999432e+02 6.329728957747767026e+01
-4.579999999999999432e+02 6.239301140492744935e+01
-4.539999999999998863e+02 6.139434386868441607e+01
-4.499999999999999432e+02 6.032925840317045640e+01
-4.459999999999999432e+02 5.925080862112554314e+01
-4.419999999999998863e+02 5.817039662712096515e+01
-4.379999999999999432e+02 5.705822146112609516e+01
-4.339999999999999432e+02 5.605930187845507362e+01
-4.299999999999998863e+02 5.524869856967490023e+01
-4.259999999999999432e+02 5.469809068168331123e+01
-4.219999999999999432e+02 5.446269881596487039e+01
-4.179999999999999432e+02 5.454443741880101015e+01
-4.139999999999999432e+02 5.488691313135007022e+01
-4.099999999999999432e+02 5.540334161381281319e+01
-4.059999999999998863e+02 5.600741714685057104e+01
-4.019999999999999432e+02 5.662993890462291802e+01
-3.979999999999999432e+02 5.722268758460006666e+01
-3.939999999999999432e+02 5.775606083450804817e+01
-3.899999999999999432e+02 5.821642936468367679e+01
-3.859999999999999432e+02 5.859914690081598110e+01
-3.819999999999998863e+02 5.890420002650256492e+01
-3.779999999999999432e+02 5.913721040934842677e+01
-3.739999999999999432e+02 5.930621434727152064e+01
-3.699999999999999432e+02 5.942050984253563684e+01
-3.659999999999999432e+02 5.948991540028191594e+01
-3.619999999999999432e+02 5.952429765504638226e+01
-3.579999999999998863e+02 5.953323886197523507e+01
-3.539999999999998863e+02 5.952575012053779346e+01
-3.499999999999999432e+02 5.950998401746295485e+01
-3.459999999999999432e+02 5.949294684565342095e+01
-3.419999999999998863e+02 5.948024192424685452e+01
-3.379999999999999432e+02 5.947588593040893556e+01
-3.339999999999998863e+02 5.948223281383150152e+01
-3.299999999999998863e+02 5.950002283511770429e+01
-3.259999999999999432e+02 5.952855474688624327e+01
-3.219999999999999432e+02 5.956596169387273676e+01
-3.179999999999998863e+02 5.960955793808733461e+01
-3.139999999999999432e+02 5.965621555058197600e+01
-3.099999999999998863e+02 5.970272930516154020e+01
-3.059999999999998863e+02 5.974613387685934640e+01
-3.019999999999999432e+02 5.978394855663066210e+01
-2.979999999999999432e+02 5.981433794664872039e+01
-2.939999999999999432e+02 5.983618925151608892e+01
-2.899999999999999432e+02 5.984911569631373141e+01
-2.859999999999998863e+02 5.985340058484302972e+01
-2.819999999999998863e+02 5.984989802151289950e+01
-2.779999999999999432e+02 5.983990541066111746e+01
-2.739999999999999432e+02 5.982502102324082216e+01
-2.699999999999999432e+02 5.980699768094251567e+01
-2.659999999999999432e+02 5.978760184720459847e+01
-2.619999999999998863e+02 5.976848600997271888e+01
-2.579999999999998863e+02 5.975108101189124454e+01
-2.539999999999999147e+02 5.973651380987752191e+01
-2.499999999999999432e+02 5.972555455891944121e+01
-2.459999999999998863e+02 5.971859514088100696e+01
-2.419999999999999147e+02 5.971565888312892412e+01
-2.379999999999999432e+02 5.971643894164566291e+01
-2.339999999999998863e+02 5.972036053901132391e+01
-2.299999999999999147e+02 5.972666032909756950e+01
-2.259999999999999432e+02 5.973447494323153251e+01
-2.219999999999998863e+02 5.974293039489992907e+01
-2.179999999999999147e+02 5.975122434625603773e+01
-2.139999999999999432e+02 5.975869455778638439e+01
-2.099999999999998863e+02 5.976486845452490115e+01
-2.059999999999999147e+02 5.976949091557787597e+01
-2.019999999999999432e+02 5.977252945369309600e+01
-1.979999999999998863e+02 5.977415792121894356e+01
-1.939999999999999147e+02 5.977472161267371575e+01
-1.899999999999999147e+02 5.977468775929992262e+01
-1.859999999999998863e+02 5.977458643280647266e+01
-1.819999999999999147e+02 5.977494721407634870e+01
-1.779999999999999147e+02 5.977623716411312671e+01
-1.739999999999998863e+02 5.977880526388128146e+01
-1.699999999999999147e+02 5.978283798766670998e+01
-1.659999999999999147e+02 5.978832982578978772e+01
-1.619999999999998863e+02 5.979507143561306748e+01
-1.579999999999999147e+02 5.980265690415205881e+01
-1.539999999999999147e+02 5.981051023313756332e+01
-1.499999999999998863e+02 5.981792984997503027e+01
-1.459999999999999147e+02 5.982414857385538198e+01
-1.419999999999999147e+02 5.982840534338021143e+01
-1.379999999999998863e+02 5.983002411451712987e+01
-1.339999999999999147e+02 5.982849471009723175e+01
-1.299999999999999147e+02 5.982354998580007077e+01
-1.259999999999998863e+02 5.981523367887780296e+01
-1.219999999999999005e+02 5.980395345132126295e+01
-1.179999999999999147e+02 5.979051394200934055e+01
-1.139999999999998863e+02 5.977612515227593804e+01
-1.099999999999999005e+02 5.976238215459920866e+01
-1.059999999999999147e+02 5.975121296295782258e+01
-1.019999999999999289e+02 5.974479274858600775e+01
-9.799999999999990052e+01 5.974542429003219013e+01
-9.399999999999991473e+01 5.975538687467394539e+01
-8.999999999999992895e+01 5.977675873295675046e+01
-8.599999999999990052e+01 5.981122135471599677e+01
-8.199999999999991473e+01 5.985985768753249658e+01
-7.799999999999992895e+01 5.992295986224826265e+01
-7.399999999999990052e+01 5.999986553712415116e+01
-6.999999999999991473e+01 6.008884404922042677e+01
-6.599999999999992895e+01 6.018705302331358098e+01
-6.199999999999989342e+01 6.029058108805259053e+01
-5.799999999999990763e+01 6.039458188218441137e+01
-5.399999999999992895e+01 6.049349004489840809e+01
-4.999999999999989342e+01 6.058129519438642774e+01
-4.599999999999990763e+01 6.065184161903823679e+01
-4.199999999999992895e+01 6.069912582779920740e+01
-3.799999999999989342e+01 6.071758500537288228e+01
-3.399999999999990763e+01 6.070240405001123918e+01
-2.999999999999992539e+01 6.064990798383462334e+01
-2.599999999999988987e+01 6.055813356640379652e+01
-2.199999999999990408e+01 6.042766896095650964e+01
-1.799999999999986855e+01 6.026279691522472604e+01
-1.399999999999988631e+01 6.007286902041033727e+01
-9.999999999999904077e+00 5.987369008646771817e+01
-5.999999999999920952e+00 5.968854426757729925e+01
-1.999999999999938494e+00 5.954842049930459780e+01
2.000000000000150102e+00 5.949108219573906808e+01
6.000000000000133227e+00 5.955891411742828723e+01
1.000000000000011546e+01 5.979583596926323708e+01
1.400000000000009948e+01 6.024361283341977469e+01
1.800000000000008171e+01 6.093720083813650490e+01
2.200000000000006395e+01 6.189753474507944020e+01
2.600000000000004619e+01 6.315655305294359323e+01
3.000000000000013500e+01 6.464290436542347607e+01
3.400000000000012079e+01 6.623827809587993443e+01
3.800000000000009948e+01 6.778671381414915231e+01
4.200000000000008527e+01 6.899096131128459319e+01
4.600000000000007105e+01 6.964873229957322565e+01
5.000000000000004974e+01 6.962542779155762673e+01
5.400000000000014211e+01 6.883431395503276917e+01
5.800000000000012079e+01 6.718235464225097076e+01
