-4.979999999999999432e+02 7.083278265564314324e+01
-4.939999999999999432e+02 7.007753855429865553e+01
-4.899999999999999432e+02 6.968704200822412531e+01
-4.859999999999998863e+02 6.947028075334048935e+01
-4.819999999999998863e+02 6.937767849408260190e+01
-4.779999999999998863e+02 6.938728312008072407e+01
-4.739999999999999432e+02 6.948076084947967956e+01
-4.699999999999999432e+02 6.963901420995051694e+01
-4.659999999999998863e+02 6.984284203235557698e+01
-4.619999999999999432e+02 7.007420727744266742e+01
-4.579999999999999432e+02 7.031683769909943749e+01
-4.539999999999998863e+02 7.055967504571754034e+01
-4.499999999999999432e+02 7.079450000187267733e+01
-4.459999999999999432e+02 7.101576734296924087e+01
-4.419999999999998863e+02 7.122007377893237390e+01
-4.379999999999999432e+02 7.140566709557333525e+01
-4.339999999999999432e+02 7.157203176694241620e+01
-4.299999999999998863e+02 7.171955215442335430e+01
-4.259999999999999432e+02 7.184924128244136909e+01
-4.219999999999999432e+02 7.196252139571225825e+01
-4.179999999999999432e+02 7.206104565791378036e+01
-4.139999999999999432e+02 7.214655446594082377e+01
-4.099999999999999432e+02 7.222076310216272077e+01
-4.059999999999998863e+02 7.228527899773342824e+01
-4.019999999999999432e+02 7.234154690376345798e+01
-3.979999999999999432e+02 7.239081937301074277e+01
-3.939999999999999432e+02 7.243414872022754025e+01
-3.899999999999999432e+02 7.247239570951791165e+01
-3.859999999999999432e+02 7.250624980645761752e+01
-3.819999999999998863e+02 7.253625603192995186e+01
-3.779999999999999432e+02 7.256284413085882079e+01
-3.739999999999999432e+02 7.258635674443650032e+01
-3.699999999999999432e+02 7.260707430753268454e+01
-3.659999999999999432e+02 7.262523539114874893e+01
-3.619999999999999432e+02 7.264105203491089924e+01
-3.579999999999998863e+02 7.265472023403486901e+01
-3.539999999999998863e+02 7.266642615077910250e+01
-3.499999999999999432e+02 7.267634890103511225e+01
-3.459999999999999432e+02 7.268466081295269987e+01
-3.419999999999998863e+02 7.269152608135874516e+01
-3.379999999999999432e+02 7.269709858803815905e+01
-3.339999999999998863e+02 7.270151955563346746e+01
-3.299999999999998863e+02 7.270491551104055361e+01
-3.259999999999999432e+02 7.270739684513137036e+01
-3.219999999999999432e+02 7.270905712865902615e+01
-3.179999999999998863e+02 7.270997321752821563e+01
-3.139999999999999432e+02 7.271020605998461406e+01
-3.099999999999998863e+02 7.270980205949138053e+01
-3.059999999999998863e+02 7.270879484249888947e+01
-3.019999999999999432e+02 7.270720724149180114e+01
-2.979999999999999432e+02 7.270505334322473345e+01
-2.939999999999999432e+02 7.270234046505879633e+01
-2.899999999999999432e+02 7.269907095143173592e+01
-2.859999999999998863e+02 7.269524372835388704e+01
-2.819999999999998863e+02 7.269085557707427370e+01
-2.779999999999999432e+02 7.268590212335067235e+01
-2.739999999999999432e+02 7.268037853325483866e+01
-2.699999999999999432e+02 7.267427995369484961e+01
-2.659999999999999432e+02 7.266760173558378710e+01
-2.619999999999998863e+02 7.266033945836869634e+01
-2.579999999999998863e+02 7.265248881185368646e+01
-2.539999999999999147e+02 7.264404537078678459e+01
-2.499999999999999432e+02 7.263500429343451970e+01
-2.459999999999998863e+02 7.262535997536861032e+01
-2.419999999999999147e+02 7.261510570007777687e+01
-2.379999999999999432e+02 7.260423330496530525e+01
-2.339999999999998863e+02 7.259273288552407166e+01
-2.299999999999999147e+02 7.258059255750873717e+01
-2.259999999999999432e+02 7.256779830324677505e+01
-2.219999999999998863e+02 7.255433389793068955e+01
-2.179999999999999147e+02 7.254018093324526717e+01
-2.139999999999999432e+02 7.252531893445336664e+01
-2.099999999999998863e+02 7.250972555951273080e+01
-2.059999999999999147e+02 7.249337688755991849e+01
-2.019999999999999432e+02 7.247624776364676791e+01
-1.979999999999998863e+02 7.245831217429503113e+01
-1.939999999999999147e+02 7.243954362954252701e+01
-1.899999999999999147e+02 7.241991552049017855e+01
-1.859999999999998863e+02 7.239940138706975858e+01
-1.819999999999999147e+02 7.237797508097747823e+01
-1.779999999999999147e+02 7.235561075764593397e+01
-1.739999999999998863e+02 7.233228266264148942e+01
-1.699999999999999147e+02 7.230796467691357066e+01
-1.659999999999999147e+02 7.228262959287928879e+01
-1.619999999999998863e+02 7.225624811749793253e+01
-1.579999999999999147e+02 7.222878761915939094e+01
-1.539999999999999147e+02 7.220021066942967991e+01
-1.499999999999998863e+02 7.217047346122512863e+01
-1.459999999999999147e+02 7.213952423260235491e+01
-1.419999999999999147e+02 7.210730185832102279e+01
-1.379999999999998863e+02 7.207373482014446608e+01
-1.339999999999999147e+02 7.203874078506538581e+01
-1.299999999999999147e+02 7.200222703232532240e+01
-1.259999999999998863e+02 7.196409196034483102e+01
-1.219999999999999005e+02 7.192422785068333724e+01
-1.179999999999999147e+02 7.188252498711290173e+01
-1.139999999999998863e+02 7.183887709834453972e+01
-1.099999999999999005e+02 7.179318791345275486e+01
-1.059999999999999147e+02 7.174537839288433361e+01
-1.019999999999999289e+02 7.169539397551977800e+01
-9.799999999999990052e+01 7.164321090922311441e+01
-9.399999999999991473e+01 7.158884049623020474e+01
-8.999999999999992895e+01 7.153232990049849604e+01
-8.599999999999990052e+01 7.147375804684463674e+01
-8.199999999999991473e+01 7.141322518028425748e+01
-7.799999999999992895e+01 7.135083488936135154e+01
-7.399999999999990052e+01 7.128666780037747230e+01
-6.999999999999991473e+01 7.122074689483110888e+01
-6.599999999999992895e+01 7.115299538553222192e+01
-6.199999999999989342e+01 7.108318941832806104e+01
-5.799999999999990763e+01 7.101090937081846732e+01
-5.399999999999992895e+01 7.093549525205872897e+01
-4.999999999999989342e+01 7.085601332363989968e+01
-4.599999999999990763e+01 7.077124238934294453e+01
-4.199999999999992895e+01 7.067968886195404821e+01
-3.799999999999989342e+01 7.057963927630339640e+01
-3.399999999999990763e+01 7.046925708971201630e+01
-2.999999999999992539e+01 7.034672721870214218e+01
-2.599999999999988987e+01 7.021044680456736842e+01
-2.199999999999990408e+01 7.005925479812509593e+01
-1.799999999999986855e+01 6.989263096347434612e+01
-1.399999999999988631e+01 6.971185319833841731e+01
-9.999999999999904077e+00 6.951908444071665372e+01
-5.999999999999920952e+00 6.931773564121499476e+01
-1.999999999999938494e+00 6.911270281099712065e+01
2.000000000000150102e+00 6.891029520708497103e+01
6.000000000000133227e+00 6.871798354136507214e+01
1.000000000000011546e+01 6.854391909161245167e+01
1.400000000000009948e+01 6.839616217030646794e+01
1.800000000000008171e+01 6.828154744451745728e+01
2.200000000000006395e+01 6.820411930859404492e+01
2.600000000000004619e+01 6.816311728530649816e+01
3.000000000000013500e+01 6.815060529904656050e+01
3.400000000000012079e+01 6.814903135719504235e+01
3.800000000000009948e+01 6.812925274161727884e+01
4.200000000000008527e+01 6.804979562452211894e+01
4.600000000000007105e+01 6.785821014440927001e+01
5.000000000000004974e+01 6.749509676157958893e+01
5.400000000000014211e+01 6.690015602451109089e+01
5.800000000000012079e+01 6.601601107862865092e+01
6.200000000000010658e+01 6.481266629027601311e+01
6.600000000000008527e+01 6.330283948917627868e+01
