-4.979999999999999432e+02 6.938432250826753034e+01
-4.939999999999999432e+02 6.860396572814164529e+01
-4.899999999999999432e+02 6.816944698337243835e+01
-4.859999999999998863e+02 6.790542196874741876e+01
-4.819999999999998863e+02 6.776028420539284980e+01
-4.779999999999998863e+02 6.771186721053379642e+01
-4.739999999999999432e+02 6.774377769034879293e+01
-4.699999999999999432e+02 6.783930198045032967e+01
-4.659999999999998863e+02 6.798113391810431949e+01
-4.619999999999999432e+02 6.815275474976186842e+01
-4.579999999999999432e+02 6.833973447076340335e+01
-4.539999999999998863e+02 6.853042262900402193e+01
-4.499999999999999432e+02 6.871606315156066103e+01
-4.459999999999999432e+02 6.889054414614975030e+01
-4.419999999999998863e+02 6.904998210339880416e+01
-4.379999999999999432e+02 6.919227237941760222e+01
-4.339999999999999432e+02 6.931667398353522458e+01
-4.299999999999998863e+02 6.942345349567864332e+01
-4.259999999999999432e+02 6.951358958179122283e+01
-4.219999999999999432e+02 6.958853023608480726e+01
-4.179999999999999432e+02 6.964999371673826545e+01
-4.139999999999999432e+02 6.969980671035915520e+01
-4.099999999999999432e+02 6.973977630482181667e+01
-4.059999999999998863e+02 6.977159425797708536e+01
-4.019999999999999432e+02 6.979677233701374917e+01
-3.979999999999999432e+02 6.981660650079112429e+01
-3.939999999999999432e+02 6.983216617599913434e+01
-3.899999999999999432e+02 6.984430345320953393e+01
-3.859999999999999432e+02 6.985367633120137043e+01
-3.819999999999998863e+02 6.986078014192406727e+01
-3.779999999999999432e+02 6.986598198053542319e+01
-3.739999999999999432e+02 6.986955412698841883e+01
-3.699999999999999432e+02 6.987170365950555606e+01
-3.659999999999999432e+02 6.987259668026734971e+01
-3.619999999999999432e+02 6.987237655591638941e+01
-3.579999999999998863e+02 6.987117635682221817e+01
-3.539999999999998863e+02 6.986912615685002947e+01
-3.499999999999999432e+02 6.986635614090596391e+01
-3.459999999999999432e+02 6.986299660239302511e+01
-3.419999999999998863e+02 6.985917585195340962e+01
-3.379999999999999432e+02 6.985501699560006728e+01
-3.339999999999998863e+02 6.985063438501680366e+01
-3.299999999999998863e+02 6.984613030891182461e+01
-3.259999999999999432e+02 6.984159238431635686e+01
-3.219999999999999432e+02 6.983709184802711434e+01
-3.179999999999998863e+02 6.983268286136438974e+01
-3.139999999999999432e+02 6.982840275362406146e+01
-3.099999999999998863e+02 6.982427310562445655e+01
-3.059999999999998863e+02 6.982030147224713801e+01
-3.019999999999999432e+02 6.981648352901623866e+01
-2.979999999999999432e+02 6.981280546022151157e+01
-2.939999999999999432e+02 6.980924637205794170e+01
-2.899999999999999432e+02 6.980578059219925535e+01
-2.859999999999998863e+02 6.980237974430229997e+01
-2.819999999999998863e+02 6.979901450242232386e+01
-2.779999999999999432e+02 6.979565597637417795e+01
-2.739999999999999432e+02 6.979227675122075425e+01
-2.699999999999999432e+02 6.978885154878486219e+01
-2.659999999999999432e+02 6.978535756771725573e+01
-2.619999999999998863e+02 6.978177452890349741e+01
-2.579999999999998863e+02 6.977808449854938999e+01
-2.539999999999999147e+02 6.977427153476622834e+01
-2.499999999999999432e+02 6.977032120374968827e+01
-2.459999999999998863e+02 6.976622004681786393e+01
-2.419999999999999147e+02 6.976195501942987676e+01
-2.379999999999999432e+02 6.975751297066807410e+01
-2.339999999999998863e+02 6.975288019886602342e+01
-2.299999999999999147e+02 6.974804209031651681e+01
-2.259999999999999432e+02 6.974298289744137946e+01
-2.219999999999998863e+02 6.973768565362013305e+01
-2.179999999999999147e+02 6.973213221516664362e+01
-2.139999999999999432e+02 6.972630344889500975e+01
-2.099999999999998863e+02 6.972017953764446929e+01
-2.059999999999999147e+02 6.971374038273864926e+01
-2.019999999999999432e+02 6.970696605741409257e+01
-1.979999999999998863e+02 6.969983727466893697e+01
-1.939999999999999147e+02 6.969233582421372830e+01
-1.899999999999999147e+02 6.968444491472172331e+01
-1.859999999999998863e+02 6.967614935623839756e+01
-1.819999999999999147e+02 6.966743552782321558e+01
-1.779999999999999147e+02 6.965829109308896250e+01
-1.739999999999998863e+02 6.964870439981513073e+01
-1.699999999999999147e+02 6.963866355136298125e+01
-1.659999999999999147e+02 6.962815515925450427e+01
-1.619999999999998863e+02 6.961716281210146917e+01
-1.579999999999999147e+02 6.960566532013342567e+01
-1.539999999999999147e+02 6.959363489026827665e+01
-1.499999999999998863e+02 6.958103535100565296e+01
-1.459999999999999147e+02 6.956782069542867930e+01
-1.419999999999999147e+02 6.955393414965806187e+01
-1.379999999999998863e+02 6.953930805059042086e+01
-1.339999999999999147e+02 6.952386481694878739e+01
-1.299999999999999147e+02 6.950751927477489289e+01
-1.259999999999998863e+02 6.949018247840592721e+01
-1.219999999999999005e+02 6.947176714898023420e+01
-1.179999999999999147e+02 6.945219461215856427e+01
-1.139999999999998863e+02 6.943140297813005191e+01
-1.099999999999999005e+02 6.940935602406170801e+01
-1.059999999999999147e+02 6.938605198343532265e+01
-1.019999999999999289e+02 6.936153117787023348e+01
-9.799999999999990052e+01 6.933588114246833811e+01
-9.399999999999991473e+01 6.930923773469498883e+01
-8.999999999999992895e+01 6.928178056935712448e+01
-8.599999999999990052e+01 6.925372116531139000e+01
-8.199999999999991473e+01 6.922528244811320519e+01
-7.799999999999992895e+01 6.919666867938059340e+01
-7.399999999999990052e+01 6.916802569000066114e+01
-6.999999999999991473e+01 6.913939236313319725e+01
-6.599999999999992895e+01 6.911064566638617634e+01
-6.199999999999989342e+01 6.908144332474813609e+01
-5.799999999999990763e+01 6.905117003465363723e+01
-5.399999999999992895e+01 6.901889500850711556e+01
-4.999999999999989342e+01 6.898335023909743313e+01
-4.599999999999990763e+01 6.894293978779626286e+01
-4.199999999999992895e+01 6.889579026241273141e+01
-3.799999999999989342e+01 6.883985103895247448e+01
-3.399999999999990763e+01 6.877304944882087057e+01
-2.999999999999992539e+01 6.869350106431323866e+01
-2.599999999999988987e+01 6.859976877772817261e+01
-2.199999999999990408e+01 6.849115711614422253e+01
-1.799999999999986855e+01 6.836802112028885858e+01
-1.399999999999988631e+01 6.823206299321662982e+01
-9.999999999999904077e+00 6.808658488815746068e+01
-5.999999999999920952e+00 6.793666228981027189e+01
-1.999999999999938494e+00 6.778919776222181781e+01
2.000000000000150102e+00 6.765280703895683700e+01
6.000000000000133227e+00 6.753747570341283790e+01
1.000000000000011546e+01 6.745390462677437426e+01
1.400000000000009948e+01 6.741244064082661680e+01
1.800000000000008171e+01 6.742148067127993727e+01
2.200000000000006395e+01 6.748526873903881551e+01
2.600000000000004619e+01 6.760110811683887277e+01
3.000000000000013500e+01 6.775620741297746008e+01
3.400000000000012079e+01 6.792465810169204588e+01
3.800000000000009948e+01 6.806534467418589429e+01
4.200000000000008527e+01 6.812182349162225137e+01
4.600000000000007105e+01 6.802525391454457804e+01
5.000000000000004974e+01 6.770108741992549994e+01
5.400000000000014211e+01 6.707870851066422802e+01
5.800000000000012079e+01 6.609874224268236276e+01
6.200000000000010658e+01 6.473373300796015428e+01
6.600000000000008527e+01 6.301538952151094009e+01
