-4.979999999999999432e+02 6.559765635005055628e+01
-4.939999999999999432e+02 6.479753758358043569e+01
-4.899999999999999432e+02 6.433994853966663641e+01
-4.859999999999998863e+02 6.404906770932387872e+01
-4.819999999999998863e+02 6.387452208157463929e+01
-4.779999999999998863e+02 6.379720976141447863e+01
-4.739999999999999432e+02 6.380476163922469368e+01
-4.699999999999999432e+02 6.388444957351902076e+01
-4.659999999999998863e+02 6.402221085278313240e+01
-4.619999999999999432e+02 6.420372948249200817e+01
-4.579999999999999432e+02 6.441574605840520462e+01
-4.539999999999998863e+02 6.464691053752244443e+01
-4.499999999999999432e+02 6.488809564990896206e+01
-4.459999999999999432e+02 6.513232364891001680e+01
-4.419999999999998863e+02 6.537449060254147071e+01
-4.379999999999999432e+02 6.561102564293611294e+01
-4.339999999999999432e+02 6.583956344909472591e+01
-4.299999999999998863e+02 6.605854086975836026e+01
-4.259999999999999432e+02 6.626695116810157060e+01
-4.219999999999999432e+02 6.646481047970326017e+01
-4.179999999999999432e+02 6.665216288650111665e+01
-4.139999999999999432e+02 6.682926317764855639e+01
-4.099999999999999432e+02 6.699647671244554203e+01
-4.059999999999998863e+02 6.715419539372396684e+01
-4.019999999999999432e+02 6.730277272848218217e+01
-3.979999999999999432e+02 6.744248061266256400e+01
-3.939999999999999432e+02 6.757348849871777929e+01
-3.899999999999999432e+02 6.769586318220086696e+01
-3.859999999999999432e+02 6.780958531494906083e+01
-3.819999999999998863e+02 6.791457754434622984e+01
-3.779999999999999432e+02 6.801073882866364784e+01
-3.739999999999999432e+02 6.809797983736996230e+01
-3.699999999999999432e+02 6.817625540503610182e+01
-3.659999999999999432e+02 6.824559099330110712e+01
-3.619999999999999432e+02 6.830610137495665413e+01
-3.579999999999998863e+02 6.835800078481355513e+01
-3.539999999999998863e+02 6.840160467548474799e+01
-3.499999999999999432e+02 6.843732391997906461e+01
-3.459999999999999432e+02 6.846565277794815074e+01
-3.419999999999998863e+02 6.848715230385010955e+01
-3.379999999999999432e+02 6.850243096971604473e+01
-3.339999999999998863e+02 6.851212419666705955e+01
-3.299999999999998863e+02 6.851687437658267754e+01
-3.259999999999999432e+02 6.851731268539941766e+01
-3.219999999999999432e+02 6.851404358340465706e+01
-3.179999999999998863e+02 6.850763259049955423e+01
-3.139999999999999432e+02 6.849859758860060310e+01
-3.099999999999998863e+02 6.848740352749064186e+01
-3.059999999999998863e+02 6.847446028139489727e+01
-3.019999999999999432e+02 6.846012315068531962e+01
-2.979999999999999432e+02 6.844469544900914570e+01
-2.939999999999999432e+02 6.842843261820434009e+01
-2.899999999999999432e+02 6.841154728041885846e+01
-2.859999999999998863e+02 6.839421472784511025e+01
-2.819999999999998863e+02 6.837657845162942749e+01
-2.779999999999999432e+02 6.835875538103022109e+01
-2.739999999999999432e+02 6.834084062255755043e+01
-2.699999999999999432e+02 6.832291155511933312e+01
-2.659999999999999432e+02 6.830503122889939505e+01
-2.619999999999998863e+02 6.828725109583081121e+01
-2.579999999999998863e+02 6.826961309376247300e+01
-2.539999999999999147e+02 6.825215119254755791e+01
-2.499999999999999432e+02 6.823489252895404888e+01
-2.459999999999998863e+02 6.821785820754189444e+01
-2.419999999999999147e+02 6.820106392008273133e+01
-2.379999999999999432e+02 6.818452042355386311e+01
-2.339999999999998863e+02 6.816823401426358942e+01
-2.299999999999999147e+02 6.815220703614050990e+01
-2.259999999999999432e+02 6.813643843361609242e+01
-2.219999999999998863e+02 6.812092442719932706e+01
-2.179999999999999147e+02 6.810565924923338343e+01
-2.139999999999999432e+02 6.809063594204837955e+01
-2.099999999999998863e+02 6.807584718265030688e+01
-2.059999999999999147e+02 6.806128607737559832e+01
-2.019999999999999432e+02 6.804694685261085851e+01
-1.979999999999998863e+02 6.803282540450652505e+01
-1.939999999999999147e+02 6.801891963131754437e+01
-1.899999999999999147e+02 6.800522946786844614e+01
-1.859999999999998863e+02 6.799175659209129208e+01
-1.819999999999999147e+02 6.797850375927004052e+01
-1.779999999999999147e+02 6.796547375984181372e+01
-1.739999999999998863e+02 6.795266799446187633e+01
-1.699999999999999147e+02 6.794008471632815827e+01
-1.659999999999999147e+02 6.792771706806581733e+01
-1.619999999999998863e+02 6.791555099898243952e+01
-1.579999999999999147e+02 6.790356327241266854e+01
-1.539999999999999147e+02 6.789171979461013962e+01
-1.499999999999998863e+02 6.787997452192291803e+01
-1.459999999999999147e+02 6.786826925841489810e+01
-1.419999999999999147e+02 6.785653460711688467e+01
-1.379999999999998863e+02 6.784469237162181798e+01
-1.339999999999999147e+02 6.783265962728955856e+01
-1.299999999999999147e+02 6.782035455984140526e+01
-1.259999999999998863e+02 6.780770402740125746e+01
-1.219999999999999005e+02 6.779465263340262027e+01
-1.179999999999999147e+02 6.778117284987871471e+01
-1.139999999999998863e+02 6.776727544778998436e+01
-1.099999999999999005e+02 6.775301926282685372e+01
-1.059999999999999147e+02 6.773851902619065868e+01
-1.019999999999999289e+02 6.772394969916877017e+01
-9.799999999999990052e+01 6.770954569088604558e+01
-9.399999999999991473e+01 6.769559319439707679e+01
-8.999999999999992895e+01 6.768241401054388007e+01
-8.599999999999990052e+01 6.767033950465474845e+01
-8.199999999999991473e+01 6.765967388199612742e+01
-7.799999999999992895e+01 6.765064689249953744e+01
-7.399999999999990052e+01 6.764335725002757727e+01
-6.999999999999991473e+01 6.763770962909376294e+01
-6.599999999999992895e+01 6.763334994529986943e+01
-6.199999999999989342e+01 6.762960570124693049e+01
-5.799999999999990763e+01 6.762544011001472199e+01
-5.399999999999992895e+01 6.761943023012855747e+01
-4.999999999999989342e+01 6.760978013963313060e+01
-4.599999999999990763e+01 6.759437957995010038e+01
-4.199999999999992895e+01 6.757091648480991353e+01
-3.799999999999989342e+01 6.753704804786639215e+01
-3.399999999999990763e+01 6.749062969704112902e+01
-2.999999999999992539e+01 6.742999531448640482e+01
-2.599999999999988987e+01 6.735427567738156540e+01
-2.199999999999990408e+01 6.726373656996042882e+01
-1.799999999999986855e+01 6.716011336476867655e+01
-1.399999999999988631e+01 6.704691508821917978e+01
-9.999999999999904077e+00 6.692966670333402135e+01
-5.999999999999920952e+00 6.681605129749442540e+01
-1.999999999999938494e+00 6.671590127497006506e+01
2.000000000000150102e+00 6.664096676929455043e+01
6.000000000000133227e+00 6.660436015683609412e+01
1.000000000000011546e+01 6.661954292273367173e+01
1.400000000000009948e+01 6.669870195557712123e+01
1.800000000000008171e+01 6.685038626969844699e+01
2.200000000000006395e+01 6.707637998493294162e+01
2.600000000000004619e+01 6.736799951657849306e+01
3.000000000000013500e+01 6.770230875268600812e+01
3.400000000000012079e+01 6.803907623192486653e+01
3.800000000000009948e+01 6.831955501628374350e+01
4.200000000000008527e+01 6.846827968930540464e+01
4.600000000000007105e+01 6.839900327218049370e+01
5.000000000000004974e+01 6.802538454665341305e+01
5.400000000000014211e+01 6.727502135903733915e+01
5.800000000000012079e+01 6.609942193796422316e+01
6.200000000000010658e+01 6.449133497204638843e+01
6.600000000000008527e+01 6.251777650034728140e+01
