-4.979999999999999432e+02 6.464949928734773721e+01
-4.939999999999999432e+02 6.376463023322520485e+01
-4.899999999999999432e+02 6.324487266637390803e+01
-4.859999999999998863e+02 6.289230860823778357e+01
-4.819999999999998863e+02 6.265004473794675732e+01
-4.779999999999998863e+02 6.249912393995134607e+01
-4.739999999999999432e+02 6.243029133536214204e+01
-4.699999999999999432e+02 6.243445188910891375e+01
-4.659999999999998863e+02 6.250035480004225974e+01
-4.619999999999999432e+02 6.261531488288812852e+01
-4.579999999999999432e+02 6.276672317656158384e+01
-4.539999999999998863e+02 6.294325609628054963e+01
-4.499999999999999432e+02 6.313548035612069498e+01
-4.459999999999999432e+02 6.333594986456148490e+01
-4.419999999999998863e+02 6.353900499723403072e+01
-4.379999999999999432e+02 6.374045828627544097e+01
-4.339999999999999432e+02 6.393728251246659511e+01
-4.299999999999998863e+02 6.412735379821430115e+01
-4.259999999999999432e+02 6.430925846180593908e+01
-4.219999999999999432e+02 6.448214931119912308e+01
-4.179999999999999432e+02 6.464563001667329445e+01
-4.139999999999999432e+02 6.479964994972277736e+01
-4.099999999999999432e+02 6.494440062796621760e+01
-4.059999999999998863e+02 6.508021393638625796e+01
-4.019999999999999432e+02 6.520746860105731457e+01
-3.979999999999999432e+02 6.532651331498544778e+01
-3.939999999999999432e+02 6.543761333831378124e+01
-3.899999999999999432e+02 6.554092353206254984e+01
-3.859999999999999432e+02 6.563648649769044141e+01
-3.819999999999998863e+02 6.572425113232378635e+01
-3.779999999999999432e+02 6.580410493183990184e+01
-3.739999999999999432e+02 6.587591311248860393e+01
-3.699999999999999432e+02 6.593955832848831733e+01
-3.659999999999999432e+02 6.599497612519394352e+01
-3.619999999999999432e+02 6.604224135831674403e+01
-3.579999999999998863e+02 6.608139816046264059e+01
-3.539999999999998863e+02 6.611267253489711493e+01
-3.499999999999999432e+02 6.613640465622341935e+01
-3.459999999999999432e+02 6.615303345763811649e+01
-3.419999999999998863e+02 6.616308293294980558e+01
-3.379999999999999432e+02 6.616714400677597041e+01
-3.339999999999998863e+02 6.616585376573357280e+01
-3.299999999999998863e+02 6.615987374383735187e+01
-3.259999999999999432e+02 6.614986882751765052e+01
-3.219999999999999432e+02 6.613648806285073078e+01
-3.179999999999998863e+02 6.612034834252455084e+01
-3.139999999999999432e+02 6.610202158948175111e+01
-3.099999999999998863e+02 6.608202567002939531e+01
-3.059999999999998863e+02 6.606081899681078085e+01
-3.019999999999999432e+02 6.603879848093481542e+01
-2.979999999999999432e+02 6.601630033750933535e+01
-2.939999999999999432e+02 6.599361851839705650e+01
-2.899999999999999432e+02 6.597100500525976940e+01
-2.859999999999998863e+02 6.594859975093669391e+01
-2.819999999999998863e+02 6.592653931993152128e+01
-2.779999999999999432e+02 6.590492534745874309e+01
-2.739999999999999432e+02 6.588383037999756198e+01
-2.699999999999999432e+02 6.586330324754652565e+01
-2.659999999999999432e+02 6.584337377762597043e+01
-2.619999999999998863e+02 6.582405688544719169e+01
-2.579999999999998863e+02 6.580535600763266757e+01
-2.539999999999999147e+02 6.578726598346315768e+01
-2.499999999999999432e+02 6.576977543548548510e+01
-2.459999999999998863e+02 6.575286874793931702e+01
-2.419999999999999147e+02 6.573652773264399229e+01
-2.379999999999999432e+02 6.572073302323832422e+01
-2.339999999999998863e+02 6.570546530738022284e+01
-2.299999999999999147e+02 6.569070636867837720e+01
-2.259999999999999432e+02 6.567644000815153049e+01
-2.219999999999998863e+02 6.566265281680409771e+01
-2.179999999999999147e+02 6.564933481596165166e+01
-2.139999999999999432e+02 6.563647996934759021e+01
-2.099999999999998863e+02 6.562408649291211304e+01
-2.059999999999999147e+02 6.561215696353855265e+01
-2.019999999999999432e+02 6.560069820997512124e+01
-1.979999999999998863e+02 6.558972093029967709e+01
-1.939999999999999147e+02 6.557923900416892593e+01
-1.899999999999999147e+02 6.556926849709100225e+01
-1.859999999999998863e+02 6.555982631870364230e+01
-1.819999999999999147e+02 6.555092853020630628e+01
-1.779999999999999147e+02 6.554258837836960083e+01
-1.739999999999998863e+02 6.553481405066395382e+01
-1.699999999999999147e+02 6.552760625751204770e+01
-1.659999999999999147e+02 6.552095585411285583e+01
-1.619999999999998863e+02 6.551484166151374211e+01
-1.579999999999999147e+02 6.550922872322843205e+01
-1.539999999999999147e+02 6.550406735836219241e+01
-1.499999999999998863e+02 6.549929334585681318e+01
-1.459999999999999147e+02 6.549482956875823447e+01
-1.419999999999999147e+02 6.549058947862016566e+01
-1.379999999999998863e+02 6.548648263067434527e+01
-1.339999999999999147e+02 6.548242249556631123e+01
-1.299999999999999147e+02 6.547833651340471306e+01
-1.259999999999998863e+02 6.547417819346583201e+01
-1.219999999999999005e+02 6.546994079135993161e+01
-1.179999999999999147e+02 6.546567180224184312e+01
-1.139999999999998863e+02 6.546148713093333527e+01
-1.099999999999999005e+02 6.545758353977419119e+01
-1.059999999999999147e+02 6.545424757355073098e+01
-1.019999999999999289e+02 6.545185894848987118e+01
-9.799999999999990052e+01 6.545088615135944110e+01
-9.399999999999991473e+01 6.545187198394847883e+01
-8.999999999999992895e+01 6.545540698174551153e+01
-8.599999999999990052e+01 6.546208904424923958e+01
-8.199999999999991473e+01 6.547246850780635441e+01
-7.799999999999992895e+01 6.548697920652961102e+01
-7.399999999999990052e+01 6.550585777494495687e+01
-6.999999999999991473e+01 6.552905577949405824e+01
-6.599999999999992895e+01 6.555615164352229840e+01
-6.199999999999989342e+01 6.558627201171577781e+01
-5.799999999999990763e+01 6.561803434764749454e+01
-5.399999999999992895e+01 6.564952393853536705e+01
-4.999999999999989342e+01 6.567831859881067658e+01
-4.599999999999990763e+01 6.570157297304734811e+01
-4.199999999999992895e+01 6.571617132840879094e+01
-3.799999999999989342e+01 6.571895339438924566e+01
-3.399999999999990763e+01 6.570701291717591630e+01
-2.999999999999992539e+01 6.567806378410034540e+01
-2.599999999999988987e+01 6.563086404743859248e+01
-2.199999999999990408e+01 6.556568393343542311e+01
-1.799999999999986855e+01 6.548479863254505062e+01
-1.399999999999988631e+01 6.539297882591506550e+01
-9.999999999999904077e+00 6.529793944485885504e+01
-5.999999999999920952e+00 6.521068819657796212e+01
-1.999999999999938494e+00 6.514568839095011299e+01
2.000000000000150102e+00 6.512071397311069632e+01
6.000000000000133227e+00 6.515622868428829406e+01
1.000000000000011546e+01 6.527407383878500013e+01
1.400000000000009948e+01 6.549522156946062523e+01
1.800000000000008171e+01 6.583638181488288410e+01
2.200000000000006395e+01 6.630659821727226699e+01
2.600000000000004619e+01 6.689669438256856893e+01
3.000000000000013500e+01 6.757467080289961814e+01
3.400000000000012079e+01 6.828298378243977140e+01
3.800000000000009948e+01 6.893665783764038224e+01
4.200000000000008527e+01 6.942684603123569786e+01
4.600000000000007105e+01 6.962982806286197501e+01
5.000000000000004974e+01 6.942173796960344134e+01
5.400000000000014211e+01 6.869758325868508564e+01
5.800000000000012079e+01 6.738632832933194550e+01
6.200000000000010658e+01 6.543124326634864474e+01
