-4.979999999999999432e+02 6.535085235913925317e+01
-4.939999999999999432e+02 6.453516029292393341e+01
-4.899999999999999432e+02 6.406605290554387011e+01
-4.859999999999998863e+02 6.376371928556568491e+01
-4.819999999999998863e+02 6.357662778614269428e+01
-4.779999999999998863e+02 6.348572631859133253e+01
-4.739999999999999432e+02 6.347923338856770670e+01
-4.699999999999999432e+02 6.354510139441293859e+01
-4.659999999999998863e+02 6.366979825193618581e+01
-4.619999999999999432e+02 6.383932154963662242e+01
-4.579999999999999432e+02 6.404054119117733990e+01
-4.539999999999998863e+02 6.426211387526484486e+01
-4.499999999999999432e+02 6.449484896817358504e+01
-4.459999999999999432e+02 6.473166825908509736e+01
-4.419999999999998863e+02 6.496734750970773575e+01
-4.379999999999999432e+02 6.519818432571082667e+01
-4.339999999999999432e+02 6.542167652378338971e+01
-4.299999999999998863e+02 6.563624650864920795e+01
-4.259999999999999432e+02 6.584101684175925584e+01
-4.219999999999999432e+02 6.603561048274656287e+01
-4.179999999999999432e+02 6.621993031681040520e+01
-4.139999999999999432e+02 6.639422184706756980e+01
-4.099999999999999432e+02 6.655879721452470221e+01
-4.059999999999998863e+02 6.671400987289752038e+01
-4.019999999999999432e+02 6.686018706776013687e+01
-3.979999999999999432e+02 6.699758293033676182e+01
-3.939999999999999432e+02 6.712635382252818772e+01
-3.899999999999999432e+02 6.724655487726835190e+01
-3.859999999999999432e+02 6.735815425375005816e+01
-3.819999999999998863e+02 6.746106010353719284e+01
-3.779999999999999432e+02 6.755515467435469645e+01
-3.739999999999999432e+02 6.764033029864191349e+01
-3.699999999999999432e+02 6.771652288010761822e+01
-3.659999999999999432e+02 6.778373968609309941e+01
-3.619999999999999432e+02 6.784207937886145601e+01
-3.579999999999998863e+02 6.789174341183564820e+01
-3.539999999999998863e+02 6.793303878666210949e+01
-3.499999999999999432e+02 6.796637292515174522e+01
-3.459999999999999432e+02 6.799224195304441309e+01
-3.419999999999998863e+02 6.801121405969479383e+01
-3.379999999999999432e+02 6.802390968512531799e+01
-3.339999999999998863e+02 6.803098035537368560e+01
-3.299999999999998863e+02 6.803308777646969929e+01
-3.259999999999999432e+02 6.803088457442828485e+01
-3.219999999999999432e+02 6.802499769548563791e+01
-3.179999999999998863e+02 6.801601513395121401e+01
-3.139999999999999432e+02 6.800447628123771437e+01
-3.099999999999998863e+02 6.799086586877012905e+01
-3.059999999999998863e+02 6.797561123214092049e+01
-3.019999999999999432e+02 6.795908242249845443e+01
-2.979999999999999432e+02 6.794159460769429870e+01
-2.939999999999999432e+02 6.792341213788159848e+01
-2.899999999999999432e+02 6.790475369780369874e+01
-2.859999999999998863e+02 6.788579800573057810e+01
-2.819999999999998863e+02 6.786668962429638441e+01
-2.779999999999999432e+02 6.784754451303319911e+01
-2.739999999999999432e+02 6.782845509671756190e+01
-2.699999999999999432e+02 6.780949469878748914e+01
-2.659999999999999432e+02 6.779072127254482893e+01
-2.619999999999998863e+02 6.777218042000112064e+01
-2.579999999999998863e+02 6.775390777043486423e+01
-2.539999999999999147e+02 6.773593078745403773e+01
-2.499999999999999432e+02 6.771827011286990228e+01
-2.459999999999998863e+02 6.770094057254544850e+01
-2.419999999999999147e+02 6.768395194200678588e+01
-2.379999999999999432e+02 6.766730957734091589e+01
-2.339999999999998863e+02 6.765101499806775109e+01
-2.299999999999999147e+02 6.763506647102462921e+01
-2.259999999999999432e+02 6.761945965018384186e+01
-2.219999999999998863e+02 6.760418826336871234e+01
-2.179999999999999147e+02 6.758924487035517359e+01
-2.139999999999999432e+02 6.757462164679839134e+01
-2.099999999999998863e+02 6.756031116051491381e+01
-2.059999999999999147e+02 6.754630709598347948e+01
-2.019999999999999432e+02 6.753260486780771998e+01
-1.979999999999998863e+02 6.751920203499395257e+01
-1.939999999999999147e+02 6.750609848281948189e+01
-1.899999999999999147e+02 6.749329629057615421e+01
-1.859999999999998863e+02 6.748079925263954237e+01
-1.819999999999999147e+02 6.746861200992276508e+01
-1.779999999999999147e+02 6.745673879633255865e+01
-1.739999999999998863e+02 6.744518183067270911e+01
-1.699999999999999147e+02 6.743393940189815794e+01
-1.659999999999999147e+02 6.742300378942070438e+01
-1.619999999999998863e+02 6.741235914590407674e+01
-1.579999999999999147e+02 6.740197956474520424e+01
-1.539999999999999147e+02 6.739182760049232002e+01
-1.499999999999998863e+02 6.738185350133932161e+01
-1.459999999999999147e+02 6.737199548532743165e+01
-1.419999999999999147e+02 6.736218133954741916e+01
-1.379999999999998863e+02 6.735233161147465353e+01
-1.339999999999999147e+02 6.734236456969034634e+01
-1.299999999999999147e+02 6.733220300105472234e+01
-1.259999999999998863e+02 6.732178271341064146e+01
-1.219999999999999005e+02 6.731106245792517484e+01
-1.179999999999999147e+02 6.730003467872120382e+01
-1.139999999999998863e+02 6.728873626926025509e+01
-1.099999999999999005e+02 6.727725819779772110e+01
-1.059999999999999147e+02 6.726575263783121272e+01
-1.019999999999999289e+02 6.725443599311915932e+01
-9.799999999999990052e+01 6.724358607264417742e+01
-9.399999999999991473e+01 6.723353167781834827e+01
-8.999999999999992895e+01 6.722463296064557881e+01
-8.599999999999990052e+01 6.721725132645906342e+01
-8.199999999999991473e+01 6.721170829919054768e+01
-7.799999999999992895e+01 6.720823372847979726e+01
-7.399999999999990052e+01 6.720690508242944361e+01
-6.999999999999991473e+01 6.720758124480977358e+01
-6.599999999999992895e+01 6.720983625125137451e+01
-6.199999999999989342e+01 6.721290041782145863e+01
-5.799999999999990763e+01 6.721561827077471207e+01
-5.399999999999992895e+01 6.721643404652269282e+01
-4.999999999999989342e+01 6.721341587173242260e+01
-4.599999999999990763e+01 6.720432879494256895e+01
-4.199999999999992895e+01 6.718676419918335796e+01
-3.799999999999989342e+01 6.715832886339825336e+01
-3.399999999999990763e+01 6.711689152349481446e+01
-2.999999999999992539e+01 6.706087874728785891e+01
-2.599999999999988987e+01 6.698960613982018231e+01
-2.199999999999990408e+01 6.690362611564768258e+01
-1.799999999999986855e+01 6.680506961059495552e+01
-1.399999999999988631e+01 6.669795560650629795e+01
-9.999999999999904077e+00 6.658843732360645618e+01
-5.999999999999920952e+00 6.648494491977737653e+01
-1.999999999999938494e+00 6.639816835418054097e+01
2.000000000000150102e+00 6.634079846266263303e+01
6.000000000000133227e+00 6.632690990123916208e+01
1.000000000000011546e+01 6.637083430512132054e+01
1.400000000000009948e+01 6.648535636319536479e+01
1.800000000000008171e+01 6.667910388008738209e+01
2.200000000000006395e+01 6.695313560216266069e+01
2.600000000000004619e+01 6.729697825480508300e+01
3.000000000000013500e+01 6.768469685541776926e+01
3.400000000000012079e+01 6.807191045791995521e+01
3.800000000000009948e+01 6.839488393545980216e+01
4.200000000000008527e+01 6.857288791559403762e+01
4.600000000000007105e+01 6.851492117207732235e+01
5.000000000000004974e+01 6.813138107688564560e+01
5.400000000000014211e+01 6.734917002834242794e+01
5.800000000000012079e+01 6.612231905692334522e+01
6.200000000000010658e+01 6.444742493895688540e+01
6.600000000000008527e+01 6.239931468526276603e+01
