-4.979999999999999432e+02 6.099179690941298304e+01
-4.939999999999999432e+02 6.049835247617750156e+01
-4.899999999999999432e+02 6.009538496800843177e+01
-4.859999999999998863e+02 5.971295620923638126e+01
-4.819999999999998863e+02 5.934300320323927735e+01
-4.779999999999998863e+02 5.899566706027729879e+01
-4.739999999999999432e+02 5.868550740513575192e+01
-4.699999999999999432e+02 5.842560658543987984e+01
-4.659999999999998863e+02 5.822573908502903350e+01
-4.619999999999999432e+02 5.809268181684728916e+01
-4.579999999999999432e+02 5.803122210085376764e+01
-4.539999999999998863e+02 5.804498178282159415e+01
-4.499999999999999432e+02 5.813660641558402631e+01
-4.459999999999999432e+02 5.830712260060278140e+01
-4.419999999999998863e+02 5.855454162982215394e+01
-4.379999999999999432e+02 5.887223883406528557e+01
-4.339999999999999432e+02 5.924806361714615832e+01
-4.299999999999998863e+02 5.966497412989400573e+01
-4.259999999999999432e+02 6.010303842915050154e+01
-4.219999999999999432e+02 6.054172175212357843e+01
-4.179999999999999432e+02 6.096148537791566469e+01
-4.139999999999999432e+02 6.134460984260806526e+01
-4.099999999999999432e+02 6.167572055190078117e+01
-4.059999999999998863e+02 6.194229535353423444e+01
-4.019999999999999432e+02 6.213648009090496771e+01
-3.979999999999999432e+02 6.224804188009795780e+01
-3.939999999999999432e+02 6.227423909335254848e+01
-3.899999999999999432e+02 6.221568848023611054e+01
-3.859999999999999432e+02 6.207440180753201275e+01
-3.819999999999998863e+02 6.184755972191788942e+01
-3.779999999999999432e+02 6.153380093815383134e+01
-3.739999999999999432e+02 6.113712772642247728e+01
-3.699999999999999432e+02 6.066042136894941450e+01
-3.659999999999999432e+02 6.010756124852832727e+01
-3.619999999999999432e+02 5.948310408268315541e+01
-3.579999999999998863e+02 5.879126380485416803e+01
-3.539999999999998863e+02 5.803406116630304723e+01
-3.499999999999999432e+02 5.713997827613866320e+01
-3.459999999999999432e+02 5.622663104640514575e+01
-3.419999999999998863e+02 5.533653205442323042e+01
-3.379999999999999432e+02 5.452467639397411858e+01
-3.339999999999998863e+02 5.386862015097784706e+01
-3.299999999999998863e+02 5.346515650069238745e+01
-3.259999999999999432e+02 5.337965270768319215e+01
-3.219999999999999432e+02 5.358728074526038654e+01
-3.179999999999998863e+02 5.401300549451548250e+01
-3.139999999999999432e+02 5.455326732822595659e+01
-3.099999999999998863e+02 5.513608853321272818e+01
-3.059999999999998863e+02 5.570531029559083436e+01
-3.019999999999999432e+02 5.622618133683198494e+01
-2.979999999999999432e+02 5.668020026588703786e+01
-2.939999999999999432e+02 5.706007129103278430e+01
-2.899999999999999432e+02 5.736578640407776675e+01
-2.859999999999998863e+02 5.760183284324244823e+01
-2.819999999999998863e+02 5.777528686703033145e+01
-2.779999999999999432e+02 5.789456700011902512e+01
-2.739999999999999432e+02 5.796866708143789992e+01
-2.699999999999999432e+02 5.800680148309544393e+01
-2.659999999999999432e+02 5.801792476915193220e+01
-2.619999999999998863e+02 5.801046107863919588e+01
-2.579999999999998863e+02 5.799276032130893554e+01
-2.539999999999999147e+02 5.797223117357555111e+01
-2.499999999999999432e+02 5.795492066277307686e+01
-2.459999999999998863e+02 5.794556197170328460e+01
-2.419999999999999147e+02 5.794728972839885728e+01
-2.379999999999999432e+02 5.796159695582502991e+01
-2.339999999999998863e+02 5.798843629132676369e+01
-2.299999999999999147e+02 5.802640854082352462e+01
-2.259999999999999432e+02 5.807315847307239665e+01
-2.219999999999998863e+02 5.812579377014651527e+01
-2.179999999999999147e+02 5.818120054043595246e+01
-2.139999999999999432e+02 5.823638794680442743e+01
-2.099999999999998863e+02 5.828875475289464703e+01
-2.059999999999999147e+02 5.833627068269555593e+01
-2.019999999999999432e+02 5.837756870695028510e+01
-1.979999999999998863e+02 5.841195653566717283e+01
-1.939999999999999147e+02 5.843936316971911538e+01
-1.899999999999999147e+02 5.846023976239035846e+01
-1.859999999999998863e+02 5.847543338744225139e+01
-1.819999999999999147e+02 5.848604940475877356e+01
-1.779999999999999147e+02 5.849331446112933008e+01
-1.739999999999998863e+02 5.849844871036935956e+01
-1.699999999999999147e+02 5.850255334019317388e+01
-1.659999999999999147e+02 5.850651808693538669e+01
-1.619999999999998863e+02 5.851095268956964901e+01
-1.579999999999999147e+02 5.851614587025778746e+01
-1.539999999999999147e+02 5.852205496836154452e+01
-1.499999999999998863e+02 5.852832854014633313e+01
-1.459999999999999147e+02 5.853436268060664815e+01
-1.419999999999999147e+02 5.853938986029152147e+01
-1.379999999999998863e+02 5.854259601955340031e+01
-1.339999999999999147e+02 5.854325825428952612e+01
-1.299999999999999147e+02 5.854089171209898268e+01
-1.259999999999998863e+02 5.853539104725336983e+01
-1.219999999999999005e+02 5.852714952465771603e+01
-1.179999999999999147e+02 5.851713849742441198e+01
-1.139999999999998863e+02 5.850693167371343861e+01
-1.099999999999999005e+02 5.849866280538520869e+01
-1.059999999999999147e+02 5.849491215557367241e+01
-1.019999999999999289e+02 5.849852546130449582e+01
-9.799999999999990052e+01 5.851237819697269060e+01
-9.399999999999991473e+01 5.853910568822880123e+01
-8.999999999999992895e+01 5.858082425408366589e+01
-8.599999999999990052e+01 5.863886897343860483e+01
-8.199999999999991473e+01 5.871357140060962365e+01
-7.799999999999992895e+01 5.880409862171381974e+01
-7.399999999999990052e+01 5.890837508446389847e+01
-6.999999999999991473e+01 5.902310949250164640e+01
-6.599999999999992895e+01 5.914394279906957763e+01
-6.199999999999989342e+01 5.926571365638767475e+01
-5.799999999999990763e+01 5.938280483901399975e+01
-5.399999999999992895e+01 5.948950123996257844e+01
-4.999999999999989342e+01 5.958027706097806231e+01
-4.599999999999990763e+01 5.964995196058481497e+01
-4.199999999999992895e+01 5.969371278332567954e+01
-3.799999999999989342e+01 5.970707356382013131e+01
-3.399999999999990763e+01 5.968591682698655632e+01
-2.999999999999992539e+01 5.962679906788537210e+01
-2.599999999999988987e+01 5.952769351700260358e+01
-2.199999999999990408e+01 5.938927122734094155e+01
-1.799999999999986855e+01 5.921668078198717922e+01
-1.399999999999988631e+01 5.902157866221688209e+01
-9.999999999999904077e+00 5.882390503915689806e+01
-5.999999999999920952e+00 5.865266943771075603e+01
-1.999999999999938494e+00 5.854499612565115285e+01
2.000000000000150102e+00 5.854317195934504525e+01
6.000000000000133227e+00 5.869056256728561038e+01
1.000000000000011546e+01 5.902838420450666490e+01
1.400000000000009948e+01 5.959484934975290571e+01
1.800000000000008171e+01 6.042504556376462688e+01
2.200000000000006395e+01 6.154584322988642953e+01
2.600000000000004619e+01 6.299853677396873763e+01
3.000000000000013500e+01 6.472751349305644908e+01
3.400000000000012079e+01 6.658907081104825920e+01
3.800000000000009948e+01 6.835226277297039132e+01
4.200000000000008527e+01 6.964993783590887233e+01
4.600000000000007105e+01 7.028876677258654126e+01
5.000000000000004974e+01 7.013102416720897736e+01
5.400000000000014211e+01 6.917336063437113580e+01
