-4.979999999999999432e+02 7.397038030607262726e+01
-4.939999999999999432e+02 7.331834954123860371e+01
-4.899999999999999432e+02 7.298301788980108995e+01
-4.859999999999998863e+02 7.282184756037725037e+01
-4.819999999999998863e+02 7.279247682451938317e+01
-4.779999999999998863e+02 7.287220628523874666e+01
-4.739999999999999432e+02 7.303983158363240591e+01
-4.699999999999999432e+02 7.327314327887381751e+01
-4.659999999999998863e+02 7.355062498900406354e+01
-4.619999999999999432e+02 7.385338017746880723e+01
-4.579999999999999432e+02 7.416474101889389203e+01
-4.539999999999998863e+02 7.447155879572233061e+01
-4.499999999999999432e+02 7.476677168333321788e+01
-4.459999999999999432e+02 7.504542976155539691e+01
-4.419999999999998863e+02 7.530466616441196948e+01
-4.379999999999999432e+02 7.554315540689123054e+01
-4.339999999999999432e+02 7.576068801271213715e+01
-4.299999999999998863e+02 7.595784310657489868e+01
-4.259999999999999432e+02 7.613573539573337712e+01
-4.219999999999999432e+02 7.629581672733826281e+01
-4.179999999999999432e+02 7.643971870845251715e+01
-4.139999999999999432e+02 7.656912842538741870e+01
-4.099999999999999432e+02 7.668569297888922165e+01
-4.059999999999998863e+02 7.679095039155259883e+01
-4.019999999999999432e+02 7.688628472668995073e+01
-3.979999999999999432e+02 7.697290271537082162e+01
-3.939999999999999432e+02 7.705182845476929288e+01
-3.899999999999999432e+02 7.712391207991277042e+01
-3.859999999999999432e+02 7.718984804990526527e+01
-3.819999999999998863e+02 7.725019895267837455e+01
-3.779999999999999432e+02 7.730542121277341039e+01
-3.739999999999999432e+02 7.735588992474924908e+01
-3.699999999999999432e+02 7.740192085662664567e+01
-3.659999999999999432e+02 7.744378847939844945e+01
-3.619999999999999432e+02 7.748173964369260602e+01
-3.579999999999998863e+02 7.751600303345952625e+01
-3.539999999999998863e+02 7.754679491758355425e+01
-3.499999999999999432e+02 7.757432190469967281e+01
-3.459999999999999432e+02 7.759878156362395885e+01
-3.419999999999998863e+02 7.762036166075154142e+01
-3.379999999999999432e+02 7.763923874424290261e+01
-3.339999999999998863e+02 7.765557660829790620e+01
-3.299999999999998863e+02 7.766952503047252776e+01
-3.259999999999999432e+02 7.768121900626823617e+01
-3.219999999999999432e+02 7.769077858603515097e+01
-3.179999999999998863e+02 7.769830928007399962e+01
-3.139999999999999432e+02 7.770390298398871209e+01
-3.099999999999998863e+02 7.770763922496706755e+01
-3.059999999999998863e+02 7.770958665959801692e+01
-3.019999999999999432e+02 7.770980462246922116e+01
-2.979999999999999432e+02 7.770834463424421301e+01
-2.939999999999999432e+02 7.770525177226397773e+01
-2.899999999999999432e+02 7.770056585934037230e+01
-2.859999999999998863e+02 7.769432243708223496e+01
-2.819999999999998863e+02 7.768655351139221921e+01
-2.779999999999999432e+02 7.767728810921664717e+01
-2.739999999999999432e+02 7.766655265656521578e+01
-2.699999999999999432e+02 7.765437119403014776e+01
-2.659999999999999432e+02 7.764076549989465548e+01
-2.619999999999998863e+02 7.762575512671071465e+01
-2.579999999999998863e+02 7.760935738600147715e+01
-2.539999999999999147e+02 7.759158728259177451e+01
-2.499999999999999432e+02 7.757245744753714689e+01
-2.459999999999998863e+02 7.755197805176112524e+01
-2.419999999999999147e+02 7.753015673486135029e+01
-2.379999999999999432e+02 7.750699851839880239e+01
-2.339999999999998863e+02 7.748250574519852307e+01
-2.299999999999999147e+02 7.745667803205799373e+01
-2.259999999999999432e+02 7.742951223556508467e+01
-2.219999999999998863e+02 7.740100247055801219e+01
-2.179999999999999147e+02 7.737114013102268473e+01
-2.139999999999999432e+02 7.733991397322705552e+01
-2.099999999999998863e+02 7.730731022832839017e+01
-2.059999999999999147e+02 7.727331274236394165e+01
-2.019999999999999432e+02 7.723790316033125691e+01
-1.979999999999998863e+02 7.720106115155158477e+01
-1.939999999999999147e+02 7.716276463839807320e+01
-1.899999999999999147e+02 7.712299005438995891e+01
-1.859999999999998863e+02 7.708171258579966434e+01
-1.819999999999999147e+02 7.703890638508727307e+01
-1.779999999999999147e+02 7.699454472767939706e+01
-1.739999999999998863e+02 7.694860007223348930e+01
-1.699999999999999147e+02 7.690104401595556283e+01
-1.659999999999999147e+02 7.685184707996256748e+01
-1.619999999999998863e+02 7.680097831041564405e+01
-1.579999999999999147e+02 7.674840467749788786e+01
-1.539999999999999147e+02 7.669409025051817252e+01
-1.499999999999998863e+02 7.663799517201539402e+01
-1.459999999999999147e+02 7.658007447881112739e+01
-1.419999999999999147e+02 7.652027682805749009e+01
-1.379999999999998863e+02 7.645854324976903627e+01
-1.339999999999999147e+02 7.639480608333587952e+01
-1.299999999999999147e+02 7.632898826333746456e+01
-1.259999999999998863e+02 7.626100316371088184e+01
-1.219999999999999005e+02 7.619075522598046746e+01
-1.179999999999999147e+02 7.611814154388542875e+01
-1.139999999999998863e+02 7.604305452142068589e+01
-1.099999999999999005e+02 7.596538565112990682e+01
-1.059999999999999147e+02 7.588503031745119642e+01
-1.019999999999999289e+02 7.580189332955927739e+01
-9.799999999999990052e+01 7.571589470876352834e+01
-9.399999999999991473e+01 7.562697502381519143e+01
-8.999999999999992895e+01 7.553509934946913518e+01
-8.599999999999990052e+01 7.544025875464808450e+01
-8.199999999999991473e+01 7.534246810395353577e+01
-7.799999999999992895e+01 7.524175896001349884e+01
-7.399999999999990052e+01 7.513816653695369041e+01
-6.999999999999991473e+01 7.503171001274870378e+01
-6.599999999999992895e+01 7.492236605154641893e+01
-6.199999999999989342e+01 7.481003624892503012e+01
-5.799999999999990763e+01 7.469451021674535696e+01
-5.399999999999992895e+01 7.457542736092602809e+01
-4.999999999999989342e+01 7.445224169477643272e+01
-4.599999999999990763e+01 7.432419541549876385e+01
-4.199999999999992895e+01 7.419030800043231011e+01
-3.799999999999989342e+01 7.404938805201277319e+01
-3.399999999999990763e+01 7.390033589302373684e+01
-2.999999999999992539e+01 7.374250548713166609e+01
-2.599999999999988987e+01 7.357470089293315141e+01
-2.199999999999990408e+01 7.339591988375019582e+01
-1.799999999999986855e+01 7.320558162299010974e+01
-1.399999999999988631e+01 7.300372906104257709e+01
-9.999999999999904077e+00 7.279122490863932171e+01
-5.999999999999920952e+00 7.256991688913041116e+01
-1.999999999999938494e+00 7.234274496516877662e+01
2.000000000000150102e+00 7.211376096897720345e+01
6.000000000000133227e+00 7.188802838987157884e+01
1.000000000000011546e+01 7.167136478407564937e+01
1.400000000000009948e+01 7.146988034848430971e+01
1.800000000000008171e+01 7.128925602095148406e+01
2.200000000000006395e+01 7.113370169380692687e+01
2.600000000000004619e+01 7.100455622745698747e+01
3.000000000000013500e+01 7.089855634834145803e+01
3.400000000000012079e+01 7.080592468295412800e+01
3.800000000000009948e+01 7.070859512188980034e+01
4.200000000000008527e+01 7.057904975121175539e+01
4.600000000000007105e+01 7.038027313306588439e+01
5.000000000000004974e+01 7.006703657095300741e+01
5.400000000000014211e+01 6.959412179250745112e+01
5.800000000000012079e+01 6.892244902133825235e+01
6.200000000000010658e+01 6.802190602148590415e+01
6.600000000000008527e+01 6.686590546088876863e+01
7.000000000000007105e+01 6.530183960845027968e+01
