-4.979999999999999432e+02 6.425438923903590194e+01
-4.939999999999999432e+02 6.325177880016588006e+01
-4.899999999999999432e+02 6.264644801681276931e+01
-4.859999999999998863e+02 6.221055597680629035e+01
-4.819999999999998863e+02 6.187954130672466135e+01
-4.779999999999998863e+02 6.163324892531193200e+01
-4.739999999999999432e+02 6.146437664054184324e+01
-4.699999999999999432e+02 6.136881920768513510e+01
-4.659999999999998863e+02 6.133914947364979753e+01
-4.619999999999999432e+02 6.136491632523080852e+01
-4.579999999999999432e+02 6.143443323039542747e+01
-4.539999999999998863e+02 6.153648952928062954e+01
-4.499999999999999432e+02 6.166136849234874262e+01
-4.459999999999999432e+02 6.180116587385674620e+01
-4.419999999999998863e+02 6.194965380464407190e+01
-4.379999999999999432e+02 6.210165054837659682e+01
-4.339999999999999432e+02 6.225383900153434524e+01
-4.299999999999998863e+02 6.240339934782338105e+01
-4.259999999999999432e+02 6.254786508855664806e+01
-4.219999999999999432e+02 6.268531050516793357e+01
-4.179999999999999432e+02 6.281436153518086485e+01
-4.139999999999999432e+02 6.293420083058106229e+01
-4.099999999999999432e+02 6.304453533849596170e+01
-4.059999999999998863e+02 6.314551535571024488e+01
-4.019999999999999432e+02 6.323761354246971678e+01
-3.979999999999999432e+02 6.332148524200761130e+01
-3.939999999999999432e+02 6.339783514418331833e+01
-3.899999999999999432e+02 6.346731086994947191e+01
-3.859999999999999432e+02 6.353043477801361405e+01
-3.819999999999998863e+02 6.358757530912663469e+01
-3.779999999999999432e+02 6.363895157617798759e+01
-3.739999999999999432e+02 6.368466083836165126e+01
-3.699999999999999432e+02 6.372471793600396950e+01
-3.659999999999999432e+02 6.375909747539975569e+01
-3.619999999999999432e+02 6.378777231571535822e+01
-3.579999999999998863e+02 6.381074474272992347e+01
-3.539999999999998863e+02 6.382806897697702198e+01
-3.499999999999999432e+02 6.383986520801829556e+01
-3.459999999999999432e+02 6.384632612536648821e+01
-3.419999999999998863e+02 6.384771724446352437e+01
-3.379999999999999432e+02 6.384437229340971953e+01
-3.339999999999998863e+02 6.383668481455850952e+01
-3.299999999999998863e+02 6.382509697989797814e+01
-3.259999999999999432e+02 6.381008654875188313e+01
-3.219999999999999432e+02 6.379215284139456799e+01
-3.179999999999998863e+02 6.377180253012647881e+01
-3.139999999999999432e+02 6.374953603913712641e+01
-3.099999999999998863e+02 6.372583521178194133e+01
-3.059999999999998863e+02 6.370115273269288991e+01
-3.019999999999999432e+02 6.367590360691104934e+01
-2.979999999999999432e+02 6.365045883913001035e+01
-2.939999999999999432e+02 6.362514120840563692e+01
-2.899999999999999432e+02 6.360022298288981801e+01
-2.859999999999998863e+02 6.357592528885476213e+01
-2.819999999999998863e+02 6.355241886051123856e+01
-2.779999999999999432e+02 6.352982594121573356e+01
-2.739999999999999432e+02 6.350822310325429498e+01
-2.699999999999999432e+02 6.348764488797655758e+01
-2.659999999999999432e+02 6.346808817027937266e+01
-2.619999999999998863e+02 6.344951719044695437e+01
-2.579999999999998863e+02 6.343186919037094640e+01
-2.539999999999999147e+02 6.341506057998947199e+01
-2.499999999999999432e+02 6.339899351848134756e+01
-2.459999999999998863e+02 6.338356270367989964e+01
-2.419999999999999147e+02 6.336866215591510354e+01
-2.379999999999999432e+02 6.335419170927787036e+01
-2.339999999999998863e+02 6.334006292042442965e+01
-2.299999999999999147e+02 6.332620409256549010e+01
-2.259999999999999432e+02 6.331256415351930400e+01
-2.219999999999998863e+02 6.329911515097910524e+01
-2.179999999999999147e+02 6.328585325727351574e+01
-2.139999999999999432e+02 6.327279818629676811e+01
-2.099999999999998863e+02 6.325999105670558720e+01
-2.059999999999999147e+02 6.324749084628513174e+01
-2.019999999999999432e+02 6.323536957976733675e+01
-1.979999999999998863e+02 6.322370655173085652e+01
-1.939999999999999147e+02 6.321258187530025907e+01
-1.899999999999999147e+02 6.320206969463191626e+01
-1.859999999999998863e+02 6.319223143554359012e+01
-1.819999999999999147e+02 6.318310943278760305e+01
-1.779999999999999147e+02 6.317472129779901024e+01
-1.739999999999998863e+02 6.316705536745280369e+01
-1.699999999999999147e+02 6.316006755524199434e+01
-1.659999999999999147e+02 6.315367991991138297e+01
-1.619999999999998863e+02 6.314778125705242928e+01
-1.579999999999999147e+02 6.314222997442294627e+01
-1.539999999999999147e+02 6.313685949104467454e+01
-1.499999999999998863e+02 6.313148632747845568e+01
-1.459999999999999147e+02 6.312592096189320046e+01
-1.419999999999999147e+02 6.311998138454669061e+01
-1.379999999999998863e+02 6.311350912208791897e+01
-1.339999999999999147e+02 6.310638732522022565e+01
-1.299999999999999147e+02 6.309856024091556037e+01
-1.259999999999998863e+02 6.309005317003510527e+01
-1.219999999999999005e+02 6.308099174359409744e+01
-1.179999999999999147e+02 6.307161905639509314e+01
-1.139999999999998863e+02 6.306230890293932134e+01
-1.099999999999999005e+02 6.305357309989665282e+01
-1.059999999999999147e+02 6.304606059076155589e+01
-1.019999999999999289e+02 6.304054580532999807e+01
-9.799999999999990052e+01 6.303790372154236366e+01
-9.399999999999991473e+01 6.303906917565160484e+01
-8.999999999999992895e+01 6.304497854849631722e+01
-8.599999999999990052e+01 6.305649301421215114e+01
-8.199999999999991473e+01 6.307430418745514089e+01
-7.799999999999992895e+01 6.309882544664958459e+01
-7.399999999999990052e+01 6.313007519284622049e+01
-6.999999999999991473e+01 6.316756165213519125e+01
-6.599999999999992895e+01 6.321018202321124591e+01
-6.199999999999989342e+01 6.325615119620960058e+01
-5.799999999999990763e+01 6.330297601813782649e+01
-5.399999999999992895e+01 6.334748970952767877e+01
-4.999999999999989342e+01 6.338595722137898747e+01
-4.599999999999990763e+01 6.341425660219340443e+01
-4.199999999999992895e+01 6.342813504885276643e+01
-3.799999999999989342e+01 6.342353308407479062e+01
-3.399999999999990763e+01 6.339696803303888828e+01
-2.999999999999992539e+01 6.334596921887685994e+01
-2.599999999999988987e+01 6.326956129406795526e+01
-2.199999999999990408e+01 6.316879534450669098e+01
-1.799999999999986855e+01 6.304732541098508136e+01
-1.399999999999988631e+01 6.291201618968534603e+01
-9.999999999999904077e+00 6.277354327855238125e+01
-5.999999999999920952e+00 6.264690960384814389e+01
-1.999999999999938494e+00 6.255175017116499703e+01
2.000000000000150102e+00 6.251223025990964288e+01
6.000000000000133227e+00 6.255625878525563621e+01
1.000000000000011546e+01 6.271365038272188031e+01
1.400000000000009948e+01 6.301281900516568157e+01
1.800000000000008171e+01 6.347566033097314175e+01
2.200000000000006395e+01 6.411059796813481171e+01
2.600000000000004619e+01 6.490440862891153984e+01
3.000000000000013500e+01 6.581432988123191308e+01
3.400000000000012079e+01 6.677234226935678407e+01
3.800000000000009948e+01 6.764750367107359352e+01
4.200000000000008527e+01 6.829564450504409479e+01
4.600000000000007105e+01 6.856944299936060361e+01
5.000000000000004974e+01 6.833020486784084824e+01
5.400000000000014211e+01 6.745712854255111779e+01
5.800000000000012079e+01 6.584449454366477994e+01
6.200000000000010658e+01 6.344882977024377624e+01
