-4.979999999999999432e+02 6.317606748403545680e+01
-4.939999999999999432e+02 6.205607886199641143e+01
-4.899999999999999432e+02 6.139256875764800725e+01
-4.859999999999998863e+02 6.089473557332365772e+01
-4.819999999999998863e+02 6.049371645140496412e+01
-4.779999999999998863e+02 6.017261264669053844e+01
-4.739999999999999432e+02 5.992869195656794545e+01
-4.699999999999999432e+02 5.975957007636475282e+01
-4.659999999999998863e+02 5.965898312378527635e+01
-4.619999999999999432e+02 5.961735697287116409e+01
-4.579999999999999432e+02 5.962394467805893328e+01
-4.539999999999998863e+02 5.966867114663705252e+01
-4.499999999999999432e+02 5.974304998689558488e+01
-4.459999999999999432e+02 5.984027137890171844e+01
-4.419999999999998863e+02 5.995482388195739532e+01
-4.379999999999999432e+02 6.008199756313945272e+01
-4.339999999999999432e+02 6.021749293864149877e+01
-4.299999999999998863e+02 6.035722963205199676e+01
-4.259999999999999432e+02 6.049735251393224189e+01
-4.219999999999999432e+02 6.063437704146815577e+01
-4.179999999999999432e+02 6.076539246320555776e+01
-4.139999999999999432e+02 6.088824269323566796e+01
-4.099999999999999432e+02 6.100162375113768576e+01
-4.059999999999998863e+02 6.110506759161211221e+01
-4.019999999999999432e+02 6.119881668329958302e+01
-3.979999999999999432e+02 6.128362214237449734e+01
-3.939999999999999432e+02 6.136051320460063607e+01
-3.899999999999999432e+02 6.143058459566134388e+01
-3.859999999999999432e+02 6.149483488242628937e+01
-3.819999999999998863e+02 6.155406970266403732e+01
-3.779999999999999432e+02 6.160886664152116055e+01
-3.739999999999999432e+02 6.165958693563726456e+01
-3.699999999999999432e+02 6.170641512084500846e+01
-3.659999999999999432e+02 6.174940903882639986e+01
-3.619999999999999432e+02 6.178854745774435742e+01
-3.579999999999998863e+02 6.182376825383221330e+01
-3.539999999999998863e+02 6.185499505152296251e+01
-3.499999999999999432e+02 6.188215379690848295e+01
-3.459999999999999432e+02 6.190518241994300297e+01
-3.419999999999998863e+02 6.192403700102011044e+01
-3.379999999999999432e+02 6.193869726499542594e+01
-3.339999999999998863e+02 6.194917289181410069e+01
-3.299999999999998863e+02 6.195551103045772834e+01
-3.259999999999999432e+02 6.195780430158384888e+01
-3.219999999999999432e+02 6.195619810480781098e+01
-3.179999999999998863e+02 6.195089586968765616e+01
-3.139999999999999432e+02 6.194216116378288461e+01
-3.099999999999998863e+02 6.193031608479174110e+01
-3.059999999999998863e+02 6.191573582415480814e+01
-3.019999999999999432e+02 6.189883983597133010e+01
-2.979999999999999432e+02 6.188008029128224052e+01
-2.939999999999999432e+02 6.185992864234077615e+01
-2.899999999999999432e+02 6.183886111340444813e+01
-2.859999999999998863e+02 6.181734373155484263e+01
-2.819999999999998863e+02 6.179581752856762478e+01
-2.779999999999999432e+02 6.177468442557153594e+01
-2.739999999999999432e+02 6.175429430377567996e+01
-2.699999999999999432e+02 6.173493378212617699e+01
-2.659999999999999432e+02 6.171681739867301530e+01
-2.619999999999998863e+02 6.170008176362284757e+01
-2.579999999999998863e+02 6.168478334092327486e+01
-2.539999999999999147e+02 6.167090029682304930e+01
-2.499999999999999432e+02 6.165833866370928718e+01
-2.459999999999998863e+02 6.164694270696304557e+01
-2.419999999999999147e+02 6.163650903032339556e+01
-2.379999999999999432e+02 6.162680363268930250e+01
-2.339999999999998863e+02 6.161758081464859060e+01
-2.299999999999999147e+02 6.160860258472069972e+01
-2.259999999999999432e+02 6.159965716096581900e+01
-2.219999999999998863e+02 6.159057518401806419e+01
-2.179999999999999147e+02 6.158124240965224772e+01
-2.139999999999999432e+02 6.157160791236572095e+01
-2.099999999999998863e+02 6.156168718004977336e+01
-2.059999999999999147e+02 6.155155977939074319e+01
-2.019999999999999432e+02 6.154136177931877683e+01
-1.979999999999998863e+02 6.153127340201785955e+01
-1.939999999999999147e+02 6.152150270468672488e+01
-1.899999999999999147e+02 6.151226647406019765e+01
-1.859999999999998863e+02 6.150376963983904943e+01
-1.819999999999999147e+02 6.149618470562273842e+01
-1.779999999999999147e+02 6.148963270578059337e+01
-1.739999999999998863e+02 6.148416716915187408e+01
-1.699999999999999147e+02 6.147976246766631903e+01
-1.659999999999999147e+02 6.147630774283430810e+01
-1.619999999999998863e+02 6.147360716416289961e+01
-1.579999999999999147e+02 6.147138714527858383e+01
-1.539999999999999147e+02 6.146931055156881030e+01
-1.499999999999998863e+02 6.146699768675227915e+01
-1.459999999999999147e+02 6.146405327725466350e+01
-1.419999999999999147e+02 6.146009837419393307e+01
-1.379999999999998863e+02 6.145480567612861478e+01
-1.339999999999999147e+02 6.144793641438695886e+01
-1.299999999999999147e+02 6.143937683904454161e+01
-1.259999999999998863e+02 6.142917199768197634e+01
-1.219999999999999005e+02 6.141755444033634603e+01
-1.179999999999999147e+02 6.140496545824186114e+01
-1.139999999999998863e+02 6.139206627078868905e+01
-1.099999999999999005e+02 6.137973662677967468e+01
-1.059999999999999147e+02 6.136905824675380927e+01
-1.019999999999999289e+02 6.136128062646008630e+01
-9.799999999999990052e+01 6.135776703688651423e+01
-9.399999999999991473e+01 6.135991922964791456e+01
-8.999999999999992895e+01 6.136908048564714591e+01
-8.599999999999990052e+01 6.138641859620207697e+01
-8.199999999999991473e+01 6.141279274747444106e+01
-7.799999999999992895e+01 6.144861150111944426e+01
-7.399999999999990052e+01 6.149369248213832861e+01
-6.999999999999991473e+01 6.154713766192827507e+01
-6.599999999999992895e+01 6.160724023417992612e+01
-6.199999999999989342e+01 6.167143960427881666e+01
-5.799999999999990763e+01 6.173633871036111032e+01
-5.399999999999992895e+01 6.179779298588863412e+01
-4.999999999999989342e+01 6.185107339004071036e+01
-4.599999999999990763e+01 6.189109891175803568e+01
-4.199999999999992895e+01 6.191272966271498035e+01
-3.799999999999989342e+01 6.191111275397344116e+01
-3.399999999999990763e+01 6.188208089064801243e+01
-2.999999999999992539e+01 6.182261601862893485e+01
-2.599999999999988987e+01 6.173140165346933372e+01
-2.199999999999990408e+01 6.160948854681157627e+01
-1.799999999999986855e+01 6.146107991410491422e+01
-1.399999999999988631e+01 6.129440033454375225e+01
-9.999999999999904077e+00 6.112255130186042607e+01
-5.999999999999920952e+00 6.096419107434809348e+01
-1.999999999999938494e+00 6.084382589293051069e+01
2.000000000000150102e+00 6.079147604345990885e+01
6.000000000000133227e+00 6.084147996566287020e+01
1.000000000000011546e+01 6.103020083070651935e+01
1.400000000000009948e+01 6.139237605050050206e+01
1.800000000000008171e+01 6.195580584053965367e+01
2.200000000000006395e+01 6.275005835129678644e+01
2.600000000000004619e+01 6.375672746364972454e+01
3.000000000000013500e+01 6.492346354865520652e+01
3.400000000000012079e+01 6.615691169793768722e+01
3.800000000000009948e+01 6.733138818852717122e+01
4.200000000000008527e+01 6.823791331261037385e+01
4.600000000000007105e+01 6.870866906385703032e+01
5.000000000000004974e+01 6.860130595750649718e+01
5.400000000000014211e+01 6.779808861694021971e+01
5.800000000000012079e+01 6.618588303250334093e+01
