-4.979999999999999432e+02 7.864578513313051644e+01
-4.939999999999999432e+02 7.802726020933545215e+01
-4.899999999999999432e+02 7.774302430867186331e+01
-4.859999999999998863e+02 7.763568898904685511e+01
-4.819999999999998863e+02 7.766586684689735876e+01
-4.779999999999998863e+02 7.781070978623876044e+01
-4.739999999999999432e+02 7.804707559911037151e+01
-4.699999999999999432e+02 7.834799716080613052e+01
-4.659999999999998863e+02 7.868850878184622388e+01
-4.619999999999999432e+02 7.904850984448040663e+01
-4.579999999999999432e+02 7.941258748394557188e+01
-4.539999999999998863e+02 7.976974808303845066e+01
-4.499999999999999432e+02 8.011265999700651719e+01
-4.459999999999999432e+02 8.043680568407728515e+01
-4.419999999999998863e+02 8.073973565508805450e+01
-4.379999999999999432e+02 8.102047941082236093e+01
-4.339999999999999432e+02 8.127910271041491796e+01
-4.299999999999998863e+02 8.151637936364875259e+01
-4.259999999999999432e+02 8.173354581445084932e+01
-4.219999999999999432e+02 8.193211422225391516e+01
-4.179999999999999432e+02 8.211320751262638851e+01
-4.139999999999999432e+02 8.227794095713568368e+01
-4.099999999999999432e+02 8.242816345900712349e+01
-4.059999999999998863e+02 8.256548078143572411e+01
-4.019999999999999432e+02 8.269132892017137237e+01
-3.979999999999999432e+02 8.280695773466987930e+01
-3.939999999999999432e+02 8.291342964286451434e+01
-3.899999999999999432e+02 8.301163017215316131e+01
-3.859999999999999432e+02 8.310228686461709913e+01
-3.819999999999998863e+02 8.318599302842449106e+01
-3.779999999999999432e+02 8.326323318318674183e+01
-3.739999999999999432e+02 8.333440767273157235e+01
-3.699999999999999432e+02 8.339985463556848799e+01
-3.659999999999999432e+02 8.345986823627117701e+01
-3.619999999999999432e+02 8.351471271086148818e+01
-3.579999999999998863e+02 8.356463232450641954e+01
-3.539999999999998863e+02 8.360985770169679654e+01
-3.499999999999999432e+02 8.365060918898740283e+01
-3.459999999999999432e+02 8.368709806203963808e+01
-3.419999999999998863e+02 8.371952630383083260e+01
-3.379999999999999432e+02 8.374808567150654426e+01
-3.339999999999998863e+02 8.377295653747245296e+01
-3.299999999999998863e+02 8.379430691769215400e+01
-3.259999999999999432e+02 8.381229190540346963e+01
-3.219999999999999432e+02 8.382705358432099274e+01
-3.179999999999998863e+02 8.383872142910246339e+01
-3.139999999999999432e+02 8.384741310066254982e+01
-3.099999999999998863e+02 8.385323551750326487e+01
-3.059999999999998863e+02 8.385628606374501715e+01
-3.019999999999999432e+02 8.385665382438992310e+01
-2.979999999999999432e+02 8.385442074014559921e+01
-2.939999999999999432e+02 8.384966261563221224e+01
-2.899999999999999432e+02 8.384244994152675190e+01
-2.859999999999998863e+02 8.383284853490539490e+01
-2.819999999999998863e+02 8.382091999281249173e+01
-2.779999999999999432e+02 8.380672200709534536e+01
-2.739999999999999432e+02 8.379030855939254252e+01
-2.699999999999999432e+02 8.377173002316334305e+01
-2.659999999999999432e+02 8.375103323706065339e+01
-2.619999999999998863e+02 8.372826154114954988e+01
-2.579999999999998863e+02 8.370345481798619858e+01
-2.539999999999999147e+02 8.367664954182100701e+01
-2.499999999999999432e+02 8.364787883516225975e+01
-2.459999999999998863e+02 8.361717254777198605e+01
-2.419999999999999147e+02 8.358455732538158145e+01
-2.379999999999999432e+02 8.355005670218605474e+01
-2.339999999999998863e+02 8.351369117448251700e+01
-2.299999999999999147e+02 8.347547826809631033e+01
-2.259999999999999432e+02 8.343543261064132821e+01
-2.219999999999998863e+02 8.339356598215749727e+01
-2.179999999999999147e+02 8.334988736255962749e+01
-2.139999999999999432e+02 8.330440296526199973e+01
-2.099999999999998863e+02 8.325711628930127972e+01
-2.059999999999999147e+02 8.320802816533193891e+01
-2.019999999999999432e+02 8.315713681129426504e+01
-1.979999999999998863e+02 8.310443792153256481e+01
-1.939999999999999147e+02 8.304992477281052743e+01
-1.899999999999999147e+02 8.299358834613974523e+01
-1.859999999999998863e+02 8.293541747679699938e+01
-1.819999999999999147e+02 8.287539903669528485e+01
-1.779999999999999147e+02 8.281351811663853368e+01
-1.739999999999998863e+02 8.274975818096999092e+01
-1.699999999999999147e+02 8.268410119997355423e+01
-1.659999999999999147e+02 8.261652769699679766e+01
-1.619999999999998863e+02 8.254701670098671684e+01
-1.579999999999999147e+02 8.247554555984703484e+01
-1.539999999999999147e+02 8.240208955613070430e+01
-1.499999999999998863e+02 8.232662134051133762e+01
-1.459999999999999147e+02 8.224911014061700598e+01
-1.419999999999999147e+02 8.216952077262209286e+01
-1.379999999999998863e+02 8.208781250787058070e+01
-1.339999999999999147e+02 8.200393786787344652e+01
-1.299999999999999147e+02 8.191802491642005180e+01
-1.259999999999998863e+02 8.183027051416564746e+01
-1.219999999999999005e+02 8.174063572095820973e+01
-1.179999999999999147e+02 8.164907353655070210e+01
-1.139999999999998863e+02 8.155553101095733837e+01
-1.099999999999999005e+02 8.145995141827808084e+01
-1.059999999999999147e+02 8.136227742847069067e+01
-1.019999999999999289e+02 8.126245524462996173e+01
-9.799999999999990052e+01 8.116043948433247124e+01
-9.399999999999991473e+01 8.105619836157040936e+01
-8.999999999999992895e+01 8.094971860427489219e+01
-8.599999999999990052e+01 8.084100928914824635e+01
-8.199999999999991473e+01 8.073010365685513534e+01
-7.799999999999992895e+01 8.061705785268208047e+01
-7.399999999999990052e+01 8.050194561576859087e+01
-6.999999999999991473e+01 8.038484803646360888e+01
-6.599999999999992895e+01 8.026583787958048788e+01
-6.199999999999989342e+01 8.014495848761902153e+01
-5.799999999999990763e+01 8.002219801444800851e+01
-5.399999999999992895e+01 7.989746064128092939e+01
-4.999999999999989342e+01 7.977053753347666998e+01
-4.599999999999990763e+01 7.964108134456046173e+01
-4.199999999999992895e+01 7.950858910980872452e+01
-3.799999999999989342e+01 7.937239910255641462e+01
-3.399999999999990763e+01 7.923170740712004090e+01
-2.999999999999992539e+01 7.908560945336603254e+01
-2.599999999999988987e+01 7.893317026798899860e+01
-2.199999999999990408e+01 7.877352476988318131e+01
-1.799999999999986855e+01 7.860600608542966938e+01
-1.399999999999988631e+01 7.843029585271375481e+01
-9.999999999999904077e+00 7.824658631229141292e+01
-5.999999999999920952e+00 7.805573973153224188e+01
-1.999999999999938494e+00 7.785948150479333663e+01
2.000000000000150102e+00 7.766232748731118818e+01
6.000000000000133227e+00 7.746820181837523478e+01
1.000000000000011546e+01 7.728141634021528716e+01
1.400000000000009948e+01 7.710664836824508939e+01
1.800000000000008171e+01 7.694844234361050894e+01
2.200000000000006395e+01 7.681048555155456370e+01
2.600000000000004619e+01 7.669463039528619674e+01
3.000000000000013500e+01 7.659967009726676679e+01
3.400000000000012079e+01 7.651994588021358368e+01
3.800000000000009948e+01 7.644397521287322661e+01
4.200000000000008527e+01 7.635342663146201403e+01
4.600000000000007105e+01 7.622288393933257566e+01
5.000000000000004974e+01 7.602086129794389535e+01
5.400000000000014211e+01 7.571229805654627398e+01
5.800000000000012079e+01 7.526190971046980849e+01
6.200000000000010658e+01 7.463503702636279513e+01
