-4.979999999999999432e+02 6.513662684968420535e+01
-4.939999999999999432e+02 6.430475987448136266e+01
-4.899999999999999432e+02 6.382375407341606888e+01
-4.859999999999998863e+02 6.350960040402378581e+01
-4.819999999999998863e+02 6.330953391062701030e+01
-4.779999999999998863e+02 6.320453865567895946e+01
-4.739999999999999432e+02 6.318343577749925544e+01
-4.699999999999999432e+02 6.323488003403394941e+01
-4.659999999999998863e+02 6.334588578340333243e+01
-4.619999999999999432e+02 6.350277088706218365e+01
-4.579999999999999432e+02 6.369253525954775341e+01
-4.539999999999998863e+02 6.390384170455615731e+01
-4.499999999999999432e+02 6.412743733789528733e+01
-4.459999999999999432e+02 6.435614718247722976e+01
-4.419999999999998863e+02 6.458463213649480394e+01
-4.379999999999999432e+02 6.480906401276268980e+01
-4.339999999999999432e+02 6.502680844832684670e+01
-4.299999999999998863e+02 6.523615471660139065e+01
-4.259999999999999432e+02 6.543609843880273047e+01
-4.219999999999999432e+02 6.562616709495637224e+01
-4.179999999999999432e+02 6.580627453197689647e+01
-4.139999999999999432e+02 6.597659418437177692e+01
-4.099999999999999432e+02 6.613753742635208255e+01
-4.059999999999998863e+02 6.628929063845635028e+01
-4.019999999999999432e+02 6.643214364266293614e+01
-3.979999999999999432e+02 6.656634362691289653e+01
-3.939999999999999432e+02 6.669204478441162109e+01
-3.899999999999999432e+02 6.680930099351462559e+01
-3.859999999999999432e+02 6.691807725451849365e+01
-3.819999999999998863e+02 6.701827506170826609e+01
-3.779999999999999432e+02 6.710976603168705878e+01
-3.739999999999999432e+02 6.719242829644844051e+01
-3.699999999999999432e+02 6.726618098888627628e+01
-3.659999999999999432e+02 6.733101333349463857e+01
-3.619999999999999432e+02 6.738700613376954607e+01
-3.579999999999998863e+02 6.743434456087868512e+01
-3.539999999999998863e+02 6.747332211540083335e+01
-3.499999999999999432e+02 6.750433644727024785e+01
-3.459999999999999432e+02 6.752787828643857893e+01
-3.419999999999998863e+02 6.754451503724271788e+01
-3.379999999999999432e+02 6.755487089092264341e+01
-3.339999999999998863e+02 6.755960524209638152e+01
-3.299999999999998863e+02 6.755939112131744650e+01
-3.259999999999999432e+02 6.755489507555336104e+01
-3.219999999999999432e+02 6.754675963228703495e+01
-3.179999999999998863e+02 6.753558905843237881e+01
-3.139999999999999432e+02 6.752193880328843534e+01
-3.099999999999998863e+02 6.750630867505151400e+01
-3.059999999999998863e+02 6.748913945761904642e+01
-3.019999999999999432e+02 6.747081261289395115e+01
-2.979999999999999432e+02 6.745165240062146950e+01
-2.939999999999999432e+02 6.743192982314349138e+01
-2.899999999999999432e+02 6.741186779365870052e+01
-2.859999999999998863e+02 6.739164697252107317e+01
-2.819999999999998863e+02 6.737141179356268594e+01
-2.779999999999999432e+02 6.735127626543163615e+01
-2.739999999999999432e+02 6.733132931899882578e+01
-2.699999999999999432e+02 6.731163954380912173e+01
-2.659999999999999432e+02 6.729225921683473643e+01
-2.619999999999998863e+02 6.727322761406901463e+01
-2.579999999999998863e+02 6.725457366188004471e+01
-2.539999999999999147e+02 6.723631797233076668e+01
-2.499999999999999432e+02 6.721847442358955504e+01
-2.459999999999998863e+02 6.720105133939767939e+01
-2.419999999999999147e+02 6.718405243924451042e+01
-2.379999999999999432e+02 6.716747761698093200e+01
-2.339999999999998863e+02 6.715132364842202151e+01
-2.299999999999999147e+02 6.713558483865074322e+01
-2.259999999999999432e+02 6.712025373863656341e+01
-2.219999999999998863e+02 6.710532186882772976e+01
-2.179999999999999147e+02 6.709078047375868437e+01
-2.139999999999999432e+02 6.707662128924209810e+01
-2.099999999999998863e+02 6.706283727307243225e+01
-2.059999999999999147e+02 6.704942325455732544e+01
-2.019999999999999432e+02 6.703637647173229652e+01
-1.979999999999998863e+02 6.702369685758236528e+01
-1.939999999999999147e+02 6.701138706775134324e+01
-1.899999999999999147e+02 6.699945218478927700e+01
-1.859999999999998863e+02 6.698789907361964424e+01
-1.819999999999999147e+02 6.697673530578072132e+01
-1.779999999999999147e+02 6.696596771298675321e+01
-1.739999999999998863e+02 6.695560055945264821e+01
-1.699999999999999147e+02 6.694563345232035090e+01
-1.659999999999999147e+02 6.693605911336209147e+01
-1.619999999999998863e+02 6.692686113339249232e+01
-1.579999999999999147e+02 6.691801204074300813e+01
-1.539999999999999147e+02 6.690947185529938679e+01
-1.499999999999998863e+02 6.690118752037125205e+01
-1.459999999999999147e+02 6.689309352411794407e+01
-1.419999999999999147e+02 6.688511398143492670e+01
-1.379999999999998863e+02 6.687716651246051924e+01
-1.339999999999999147e+02 6.686916802113711356e+01
-1.299999999999999147e+02 6.686104244702283950e+01
-1.259999999999998863e+02 6.685273033422868139e+01
-1.219999999999999005e+02 6.684419983256736941e+01
-1.179999999999999147e+02 6.683545847770386672e+01
-1.139999999999998863e+02 6.682656483909931922e+01
-1.099999999999999005e+02 6.681763877186853051e+01
-1.059999999999999147e+02 6.680886877667995805e+01
-1.019999999999999289e+02 6.680051475478273915e+01
-9.799999999999990052e+01 6.679290427050455037e+01
-9.399999999999991473e+01 6.678642044021211177e+01
-8.999999999999992895e+01 6.678147978360510706e+01
-8.599999999999990052e+01 6.677849868219510654e+01
-8.199999999999991473e+01 6.677784788224875001e+01
-7.799999999999992895e+01 6.677979554087090719e+01
-7.399999999999990052e+01 6.678444075890092790e+01
-6.999999999999991473e+01 6.679164138269169371e+01
-6.599999999999992895e+01 6.680094201407564469e+01
-6.199999999999989342e+01 6.681151042832254916e+01
-5.799999999999990763e+01 6.682209255390188218e+01
-5.399999999999992895e+01 6.683099753498322571e+01
-4.999999999999989342e+01 6.683612476243996525e+01
-4.599999999999990763e+01 6.683504341455835629e+01
-4.199999999999992895e+01 6.682513213935885688e+01
-3.799999999999989342e+01 6.680378195216383119e+01
-3.399999999999990763e+01 6.676865962922698827e+01
-2.999999999999992539e+01 6.671802289024026322e+01
-2.599999999999988987e+01 6.665107316710771101e+01
-2.199999999999990408e+01 6.656832731757333477e+01
-1.799999999999986855e+01 6.647198635286076751e+01
-1.399999999999988631e+01 6.636627592734390646e+01
-9.999999999999904077e+00 6.625772759922818977e+01
-5.999999999999920952e+00 6.615535902886330177e+01
-1.999999999999938494e+00 6.607069174738518313e+01
2.000000000000150102e+00 6.601751459120561094e+01
6.000000000000133227e+00 6.601126036286001408e+01
1.000000000000011546e+01 6.606782235869650322e+01
1.400000000000009948e+01 6.620161936238991984e+01
1.800000000000008171e+01 6.642276300153883994e+01
2.200000000000006395e+01 6.673333550095139799e+01
2.600000000000004619e+01 6.712306908077056278e+01
3.000000000000013500e+01 6.756508667236602150e+01
3.400000000000012079e+01 6.801270100447618461e+01
3.800000000000009948e+01 6.839844833829062054e+01
4.200000000000008527e+01 6.863652368127975478e+01
4.600000000000007105e+01 6.862966060775573851e+01
5.000000000000004974e+01 6.828111646267791457e+01
5.400000000000014211e+01 6.751059037786706085e+01
5.800000000000012079e+01 6.626648197364193038e+01
6.200000000000010658e+01 6.453840613011124105e+01
6.600000000000008527e+01 6.239998206284747084e+01
