-4.979999999999999432e+02 6.442896346923549800e+01
-4.939999999999999432e+02 6.350309904712196385e+01
-4.899999999999999432e+02 6.295349170058352684e+01
-4.859999999999998863e+02 6.257157096443467026e+01
-4.819999999999998863e+02 6.229728011966204804e+01
-4.779999999999998863e+02 6.211166691946368701e+01
-4.739999999999999432e+02 6.200686607355913793e+01
-4.699999999999999432e+02 6.197537530638720682e+01
-4.659999999999998863e+02 6.200722201044152371e+01
-4.619999999999999432e+02 6.209033974713980797e+01
-4.579999999999999432e+02 6.221239860054669180e+01
-4.539999999999998863e+02 6.236209225156272851e+01
-4.499999999999999432e+02 6.252989419509532354e+01
-4.459999999999999432e+02 6.270821684401056473e+01
-4.419999999999998863e+02 6.289122381364200010e+01
-4.379999999999999432e+02 6.307450818201903076e+01
-4.339999999999999432e+02 6.325477447797845798e+01
-4.299999999999998863e+02 6.342958839858630427e+01
-4.259999999999999432e+02 6.359720489487051509e+01
-4.219999999999999432e+02 6.375645558077530950e+01
-4.179999999999999432e+02 6.390666631918173834e+01
-4.139999999999999432e+02 6.404757925237191785e+01
-4.099999999999999432e+02 6.417926456662650025e+01
-4.059999999999998863e+02 6.430201986532745195e+01
-4.019999999999999432e+02 6.441626515291244459e+01
-3.979999999999999432e+02 6.452244595440248531e+01
-3.939999999999999432e+02 6.462095646883284417e+01
-3.899999999999999432e+02 6.471209036597838349e+01
-3.859999999999999432e+02 6.479602091915273832e+01
-3.819999999999998863e+02 6.487280708705151255e+01
-3.779999999999999432e+02 6.494241884246332575e+01
-3.739999999999999432e+02 6.500477380117786197e+01
-3.699999999999999432e+02 6.505977762444183554e+01
-3.659999999999999432e+02 6.510736224949749840e+01
-3.619999999999999432e+02 6.514751786704619008e+01
-3.579999999999998863e+02 6.518031626474709128e+01
-3.539999999999998863e+02 6.520592477707162971e+01
-3.499999999999999432e+02 6.522461111099926256e+01
-3.459999999999999432e+02 6.523674003224374474e+01
-3.419999999999998863e+02 6.524276330974606708e+01
-3.379999999999999432e+02 6.524320462318490854e+01
-3.339999999999998863e+02 6.523864113279296362e+01
-3.299999999999998863e+02 6.522968332930281576e+01
-3.259999999999999432e+02 6.521695475777505635e+01
-3.219999999999999432e+02 6.520107292926797982e+01
-3.179999999999998863e+02 6.518263244197430595e+01
-3.139999999999999432e+02 6.516219111197921166e+01
-3.099999999999998863e+02 6.514025944908036081e+01
-3.059999999999998863e+02 6.511729360363290198e+01
-3.019999999999999432e+02 6.509369158292986413e+01
-2.979999999999999432e+02 6.506979242096275584e+01
-2.939999999999999432e+02 6.504587770522937262e+01
-2.899999999999999432e+02 6.502217488839846737e+01
-2.859999999999998863e+02 6.499886188159524636e+01
-2.819999999999998863e+02 6.497607233366812807e+01
-2.779999999999999432e+02 6.495390123351069178e+01
-2.739999999999999432e+02 6.493241050965298200e+01
-2.699999999999999432e+02 6.491163438339316372e+01
-2.659999999999999432e+02 6.489158436440254718e+01
-2.619999999999998863e+02 6.487225384964352770e+01
-2.579999999999998863e+02 6.485362228163239706e+01
-2.539999999999999147e+02 6.483565891559305783e+01
-2.499999999999999432e+02 6.481832623935281390e+01
-2.459999999999998863e+02 6.480158303056651903e+01
-2.419999999999999147e+02 6.478538711528261729e+01
-2.379999999999999432e+02 6.476969782787870145e+01
-2.339999999999998863e+02 6.475447812844032569e+01
-2.299999999999999147e+02 6.473969641063001745e+01
-2.259999999999999432e+02 6.472532790262346225e+01
-2.219999999999998863e+02 6.471135565905524345e+01
-2.179999999999999147e+02 6.469777113759329268e+01
-2.139999999999999432e+02 6.468457431619845011e+01
-2.099999999999998863e+02 6.467177332472624585e+01
-2.059999999999999147e+02 6.465938361061665773e+01
-2.019999999999999432e+02 6.464742667051774561e+01
-1.979999999999998863e+02 6.463592833132486248e+01
-1.939999999999999147e+02 6.462491668403748690e+01
-1.899999999999999147e+02 6.461441965261690257e+01
-1.859999999999998863e+02 6.460446228266027902e+01
-1.819999999999999147e+02 6.459506385109409621e+01
-1.779999999999999147e+02 6.458623488932818191e+01
-1.739999999999998863e+02 6.457797422064976445e+01
-1.699999999999999147e+02 6.457026627002619534e+01
-1.659999999999999147e+02 6.456307879084528167e+01
-1.619999999999998863e+02 6.455636127933712487e+01
-1.579999999999999147e+02 6.455004443409205805e+01
-1.539999999999999147e+02 6.454404092209040300e+01
-1.499999999999998863e+02 6.453824781811204048e+01
-1.459999999999999147e+02 6.453255105202879349e+01
-1.419999999999999147e+02 6.452683207215073935e+01
-1.379999999999998863e+02 6.452097685991134313e+01
-1.339999999999999147e+02 6.451488730477001354e+01
-1.299999999999999147e+02 6.450849461194746937e+01
-1.259999999999998863e+02 6.450177430011933666e+01
-1.219999999999999005e+02 6.449476200420957639e+01
-1.179999999999999147e+02 6.448756886381971754e+01
-1.139999999999998863e+02 6.448039514859192423e+01
-1.099999999999999005e+02 6.447354034115915056e+01
-1.059999999999999147e+02 6.446740761612238657e+01
-1.019999999999999289e+02 6.446250045588408284e+01
-9.799999999999990052e+01 6.445940913713911868e+01
-9.399999999999991473e+01 6.445878482634526563e+01
-8.999999999999992895e+01 6.446129945070606482e+01
-8.599999999999990052e+01 6.446759021838897752e+01
-8.199999999999991473e+01 6.447818889719110302e+01
-7.799999999999992895e+01 6.449343761040177014e+01
-7.399999999999990052e+01 6.451339507970078557e+01
-6.999999999999991473e+01 6.453773998222084174e+01
-6.599999999999992895e+01 6.456568059440644447e+01
-6.199999999999989342e+01 6.459588260651185010e+01
-5.799999999999990763e+01 6.462642864133073317e+01
-5.399999999999992895e+01 6.465482339137389545e+01
-4.999999999999989342e+01 6.467805712517593975e+01
-4.599999999999990763e+01 6.469273699066172867e+01
-4.199999999999992895e+01 6.469529098308919401e+01
-3.799999999999989342e+01 6.468224381276689883e+01
-3.399999999999990763e+01 6.465055867402367085e+01
-2.999999999999992539e+01 6.459803479184392927e+01
-2.599999999999988987e+01 6.452374797696785436e+01
-2.199999999999990408e+01 6.442851949547559798e+01
-1.799999999999986855e+01 6.431539535616633430e+01
-1.399999999999988631e+01 6.419011107034771157e+01
-9.999999999999904077e+00 6.406150364813743181e+01
-5.999999999999920952e+00 6.394181080687411622e+01
-1.999999999999938494e+00 6.384676569001214830e+01
2.000000000000150102e+00 6.379535220814625518e+01
6.000000000000133227e+00 6.380903207666767685e+01
1.000000000000011546e+01 6.391019967364559307e+01
1.400000000000009948e+01 6.411959338276017206e+01
1.800000000000008171e+01 6.445244578162129301e+01
2.200000000000006395e+01 6.491335397160224829e+01
2.600000000000004619e+01 6.549022942452444340e+01
3.000000000000013500e+01 6.614954656147500600e+01
3.400000000000012079e+01 6.682835323609879197e+01
3.800000000000009948e+01 6.742623381059377152e+01
4.200000000000008527e+01 6.782756943624201540e+01
4.600000000000007105e+01 6.790551812043577229e+01
5.000000000000004974e+01 6.753475949678426105e+01
5.400000000000014211e+01 6.660290801648693559e+01
5.800000000000012079e+01 6.502212179456921604e+01
6.200000000000010658e+01 6.277354702538639231e+01
