-4.979999999999999432e+02 8.426073498347761870e+01
-4.939999999999999432e+02 8.371485635078164478e+01
-4.899999999999999432e+02 8.346727344672837035e+01
-4.859999999999998863e+02 8.339790877932250623e+01
-4.819999999999998863e+02 8.346928687499246280e+01
-4.779999999999998863e+02 8.365655699380243959e+01
-4.739999999999999432e+02 8.393362097510186004e+01
-4.699999999999999432e+02 8.427339959983078188e+01
-4.659999999999998863e+02 8.465100344195082016e+01
-4.619999999999999432e+02 8.504598502579824526e+01
-4.579999999999999432e+02 8.544299308634413137e+01
-4.539999999999998863e+02 8.583133432381998773e+01
-4.499999999999999432e+02 8.620184124630054612e+01
-4.459999999999999432e+02 8.654777948626559692e+01
-4.419999999999998863e+02 8.686850839934345458e+01
-4.379999999999999432e+02 8.716389910414011410e+01
-4.339999999999999432e+02 8.743470612526482455e+01
-4.299999999999998863e+02 8.768224453145052166e+01
-4.259999999999999432e+02 8.790816118826779757e+01
-4.219999999999999432e+02 8.811426886990983576e+01
-4.179999999999999432e+02 8.830242307407092994e+01
-4.139999999999999432e+02 8.847442992172960885e+01
-4.099999999999999432e+02 8.863197897091890809e+01
-4.059999999999998863e+02 8.877659762822918310e+01
-4.019999999999999432e+02 8.890962489403000291e+01
-3.979999999999999432e+02 8.903220211674693019e+01
-3.939999999999999432e+02 8.914527799685208720e+01
-3.899999999999999432e+02 8.924962452330686347e+01
-3.859999999999999432e+02 8.934586027912234840e+01
-3.819999999999998863e+02 8.943447759948776365e+01
-3.779999999999999432e+02 8.951587045973946033e+01
-3.739999999999999432e+02 8.959036059982258848e+01
-3.699999999999999432e+02 8.965822013375549204e+01
-3.659999999999999432e+02 8.971968965871042201e+01
-3.619999999999999432e+02 8.977499157907760718e+01
-3.579999999999998863e+02 8.982433889370247471e+01
-3.539999999999998863e+02 8.986794009685922902e+01
-3.499999999999999432e+02 8.990600104363005585e+01
-3.459999999999999432e+02 8.993872470148716047e+01
-3.419999999999998863e+02 8.996630968819374630e+01
-3.379999999999999432e+02 8.998894829926967986e+01
-3.339999999999998863e+02 9.000681415454101852e+01
-3.299999999999998863e+02 9.002007531509792670e+01
-3.259999999999999432e+02 9.002891656337129689e+01
-3.219999999999999432e+02 9.003349667513288068e+01
-3.179999999999998863e+02 9.003396084983239689e+01
-3.139999999999999432e+02 9.003044174613057749e+01
-3.099999999999998863e+02 9.002306075233542515e+01
-3.059999999999998863e+02 9.001192933801468143e+01
-3.019999999999999432e+02 8.999714756796578286e+01
-2.979999999999999432e+02 8.997881072851339468e+01
-2.939999999999999432e+02 8.995703699842886181e+01
-2.899999999999999432e+02 8.993192326886065757e+01
-2.859999999999998863e+02 8.990356273706089496e+01
-2.819999999999998863e+02 8.987204505058628001e+01
-2.779999999999999432e+02 8.983745631312166324e+01
-2.739999999999999432e+02 8.979987900582329985e+01
-2.699999999999999432e+02 8.975939186561271299e+01
-2.659999999999999432e+02 8.971606976844526571e+01
-2.619999999999998863e+02 8.966998364782421049e+01
-2.579999999999998863e+02 8.962120045035459270e+01
-2.539999999999999147e+02 8.956978314116253159e+01
-2.499999999999999432e+02 8.951579074924063661e+01
-2.459999999999998863e+02 8.945927845360870378e+01
-2.419999999999999147e+02 8.940029768579671554e+01
-2.379999999999999432e+02 8.933889623322011175e+01
-2.339999999999998863e+02 8.927511833629876037e+01
-2.299999999999999147e+02 8.920900476851988969e+01
-2.259999999999999432e+02 8.914059289764378491e+01
-2.219999999999998863e+02 8.906991671626389007e+01
-2.179999999999999147e+02 8.899700685536708988e+01
-2.139999999999999432e+02 8.892189058940863333e+01
-2.099999999999998863e+02 8.884459183583066988e+01
-2.059999999999999147e+02 8.876513115578535462e+01
-2.019999999999999432e+02 8.868352579066748831e+01
-1.979999999999998863e+02 8.859978972180090295e+01
-1.939999999999999147e+02 8.851393377368663096e+01
-1.899999999999999147e+02 8.842596576161452049e+01
-1.859999999999998863e+02 8.833589066913657462e+01
-1.819999999999999147e+02 8.824371084960455391e+01
-1.779999999999999147e+02 8.814942623427509716e+01
-1.739999999999998863e+02 8.805303449932620197e+01
-1.699999999999999147e+02 8.795453118458840436e+01
-1.659999999999999147e+02 8.785390969214591905e+01
-1.619999999999998863e+02 8.775116113124590811e+01
-1.579999999999999147e+02 8.764627397646717100e+01
-1.539999999999999147e+02 8.753923349677830856e+01
-1.499999999999998863e+02 8.743002095958439668e+01
-1.459999999999999147e+02 8.731861262012580482e+01
-1.419999999999999147e+02 8.720497854159049211e+01
-1.379999999999998863e+02 8.708908134279067781e+01
-1.339999999999999147e+02 8.697087499181270687e+01
-1.299999999999999147e+02 8.685030380627313207e+01
-1.259999999999998863e+02 8.672730184872978043e+01
-1.219999999999999005e+02 8.660179290085886805e+01
-1.179999999999999147e+02 8.647369121420149440e+01
-1.139999999999998863e+02 8.634290316329713733e+01
-1.099999999999999005e+02 8.620932988066590497e+01
-1.059999999999999147e+02 8.607287081235216419e+01
-1.019999999999999289e+02 8.593356046663643610e+01
-9.799999999999990052e+01 8.579230795119110553e+01
-9.399999999999991473e+01 8.564930241348037043e+01
-8.999999999999992895e+01 8.550456183013199052e+01
-8.599999999999990052e+01 8.535812619358227948e+01
-8.199999999999991473e+01 8.521005599697309663e+01
-7.799999999999992895e+01 8.506042689889534358e+01
-7.399999999999990052e+01 8.490931994209535105e+01
-6.999999999999991473e+01 8.475680704293449708e+01
-6.599999999999992895e+01 8.460293200576279560e+01
-6.199999999999989342e+01 8.444768797328703158e+01
-5.799999999999990763e+01 8.429099298693222408e+01
-5.399999999999992895e+01 8.413266620445818944e+01
-4.999999999999989342e+01 8.397240815497315225e+01
-4.599999999999990763e+01 8.380978906692723740e+01
-4.199999999999992895e+01 8.364424972276833614e+01
-3.799999999999989342e+01 8.347511920062174795e+01
-3.399999999999990763e+01 8.330165315421010064e+01
-2.999999999999992539e+01 8.312309474333352455e+01
-2.599999999999988987e+01 8.293875805430121773e+01
-2.199999999999990408e+01 8.274813083723336149e+01
-1.799999999999986855e+01 8.255099001007647530e+01
-1.399999999999988631e+01 8.234752009721688637e+01
-9.999999999999904077e+00 8.213842198413084361e+01
-5.999999999999920952e+00 8.192494518959864536e+01
-1.999999999999938494e+00 8.171111605455655535e+01
2.000000000000150102e+00 8.150070892244366405e+01
6.000000000000133227e+00 8.129679479238319573e+01
1.000000000000011546e+01 8.110256318219370542e+01
1.400000000000009948e+01 8.092095292999158573e+01
1.800000000000008171e+01 8.075416419936129842e+01
2.200000000000006395e+01 8.060304891277138495e+01
2.600000000000004619e+01 8.046639461454316233e+01
3.000000000000013500e+01 8.034015347718394651e+01
3.400000000000012079e+01 8.021672684911999340e+01
3.800000000000009948e+01 8.008448940947579331e+01
4.200000000000008527e+01 7.992780247445904251e+01
4.600000000000007105e+01 7.972777899671638124e+01
5.000000000000004974e+01 7.946394986605963595e+01
