-4.979999999999999432e+02 7.322941313219217818e+01
-4.939999999999999432e+02 7.255785040513279682e+01
-4.899999999999999432e+02 7.220861998129555559e+01
-4.859999999999998863e+02 7.203438383063871697e+01
-4.819999999999998863e+02 7.199129271247750239e+01
-4.779999999999998863e+02 7.205638381197792341e+01
-4.739999999999999432e+02 7.220869068863453322e+01
-4.699999999999999432e+02 7.242635189558586717e+01
-4.659999999999998863e+02 7.268813223945102209e+01
-4.619999999999999432e+02 7.297530889995903181e+01
-4.579999999999999432e+02 7.327269910575171252e+01
-4.539999999999998863e+02 7.356881831823289986e+01
-4.499999999999999432e+02 7.385551301431604543e+01
-4.459999999999999432e+02 7.412641100594640875e+01
-4.419999999999998863e+02 7.437738146401244421e+01
-4.379999999999999432e+02 7.460782033879121400e+01
-4.339999999999999432e+02 7.481750904548459857e+01
-4.299999999999998863e+02 7.500702066266666179e+01
-4.259999999999999432e+02 7.517746857820253581e+01
-4.219999999999999432e+02 7.533030871424898578e+01
-4.179999999999999432e+02 7.546718197348525337e+01
-4.139999999999999432e+02 7.558978909017525893e+01
-4.099999999999999432e+02 7.569979385294715257e+01
-4.059999999999998863e+02 7.579875252677317121e+01
-4.019999999999999432e+02 7.588806759338257280e+01
-3.979999999999999432e+02 7.596896328594982606e+01
-3.939999999999999432e+02 7.604247951986684484e+01
-3.899999999999999432e+02 7.610948012069724200e+01
-3.859999999999999432e+02 7.617067095145790745e+01
-3.819999999999998863e+02 7.622662373252472889e+01
-3.779999999999999432e+02 7.627780191526215958e+01
-3.739999999999999432e+02 7.632458575001004419e+01
-3.699999999999999432e+02 7.636729452727706757e+01
-3.659999999999999432e+02 7.640620487913190573e+01
-3.619999999999999432e+02 7.644156470280842086e+01
-3.579999999999998863e+02 7.647360283380106694e+01
-3.539999999999998863e+02 7.650253497417128301e+01
-3.499999999999999432e+02 7.652856658881006524e+01
-3.459999999999999432e+02 7.655189361459162001e+01
-3.419999999999998863e+02 7.657270176696420094e+01
-3.379999999999999432e+02 7.659116511665757798e+01
-3.339999999999998863e+02 7.660744454571761253e+01
-3.299999999999998863e+02 7.662168645240035403e+01
-3.259999999999999432e+02 7.663402195903813663e+01
-3.219999999999999432e+02 7.664456673685106125e+01
-3.179999999999998863e+02 7.665342140014058714e+01
-3.139999999999999432e+02 7.666067243000310327e+01
-3.099999999999998863e+02 7.666639347833398688e+01
-3.059999999999998863e+02 7.667064691216546635e+01
-3.019999999999999432e+02 7.667348545272443516e+01
-2.979999999999999432e+02 7.667495377271711732e+01
-2.939999999999999432e+02 7.667508998042592339e+01
-2.899999999999999432e+02 7.667392692230464490e+01
-2.859999999999998863e+02 7.667149325512116320e+01
-2.819999999999998863e+02 7.666781428421734290e+01
-2.779999999999999432e+02 7.666291259856734541e+01
-2.739999999999999432e+02 7.665680850992890782e+01
-2.699999999999999432e+02 7.664952031837822233e+01
-2.659999999999999432e+02 7.664106445923465571e+01
-2.619999999999998863e+02 7.663145554329480547e+01
-2.579999999999998863e+02 7.662070632465105291e+01
-2.539999999999999147e+02 7.660882762948358504e+01
-2.499999999999999432e+02 7.659582822558297721e+01
-2.459999999999998863e+02 7.658171471009137576e+01
-2.419999999999999147e+02 7.656649138314088532e+01
-2.379999999999999432e+02 7.655016011523105135e+01
-2.339999999999998863e+02 7.653272023976239780e+01
-2.299999999999999147e+02 7.651416846214584666e+01
-2.259999999999999432e+02 7.649449881987601430e+01
-2.219999999999998863e+02 7.647370265006861700e+01
-2.179999999999999147e+02 7.645176861779702904e+01
-2.139999999999999432e+02 7.642868279382969376e+01
-2.099999999999998863e+02 7.640442876719237120e+01
-2.059999999999999147e+02 7.637898781089432987e+01
-2.019999999999999432e+02 7.635233910039363536e+01
-1.979999999999998863e+02 7.632445996119832898e+01
-1.939999999999999147e+02 7.629532612914073297e+01
-1.899999999999999147e+02 7.626491205792717665e+01
-1.859999999999998863e+02 7.623319117053034688e+01
-1.819999999999999147e+02 7.620013609396863785e+01
-1.779999999999999147e+02 7.616571880771738279e+01
-1.739999999999998863e+02 7.612991069405074995e+01
-1.699999999999999147e+02 7.609268244200524123e+01
-1.659999999999999147e+02 7.605400375172450822e+01
-1.619999999999998863e+02 7.601384284746706044e+01
-1.579999999999999147e+02 7.597216574576606263e+01
-1.539999999999999147e+02 7.592893529102349248e+01
-1.499999999999998863e+02 7.588410998516314976e+01
-1.459999999999999147e+02 7.583764267165446427e+01
-1.419999999999999147e+02 7.578947914198664648e+01
-1.379999999999998863e+02 7.573955681288691721e+01
-1.339999999999999147e+02 7.568780363923423238e+01
-1.299999999999999147e+02 7.563413746471661625e+01
-1.259999999999998863e+02 7.557846605335032564e+01
-1.219999999999999005e+02 7.552068799396204213e+01
-1.179999999999999147e+02 7.546069467039524170e+01
-1.139999999999998863e+02 7.539837345077819464e+01
-1.099999999999999005e+02 7.533361207247207858e+01
-1.059999999999999147e+02 7.526630406863296230e+01
-1.019999999999999289e+02 7.519635494446919211e+01
-9.799999999999990052e+01 7.512368850027547751e+01
-9.399999999999991473e+01 7.504825252091973198e+01
-8.999999999999992895e+01 7.497002278582391455e+01
-8.599999999999990052e+01 7.488900418870940712e+01
-8.199999999999991473e+01 7.480522765314532307e+01
-7.799999999999992895e+01 7.471874154539966639e+01
-7.399999999999990052e+01 7.462959646665410673e+01
-6.999999999999991473e+01 7.453782274413504183e+01
-6.599999999999992895e+01 7.444340056531063965e+01
-6.199999999999989342e+01 7.434622362605352919e+01
-5.799999999999990763e+01 7.424605836461199715e+01
-5.399999999999992895e+01 7.414250225287679541e+01
-4.999999999999989342e+01 7.403494609674390858e+01
-4.599999999999990763e+01 7.392274079911527451e+01
-4.199999999999992895e+01 7.380522178891538942e+01
-3.799999999999989342e+01 7.368116219163522373e+01
-3.399999999999990763e+01 7.354918534332847457e+01
-2.999999999999992539e+01 7.340786478727881104e+01
-2.599999999999988987e+01 7.325586396227419073e+01
-2.199999999999990408e+01 7.309211407605107524e+01
-1.799999999999986855e+01 7.291602091072491021e+01
-1.399999999999988631e+01 7.272768496921423775e+01
-9.999999999999904077e+00 7.252811348726100960e+01
-5.999999999999920952e+00 7.231939830569848482e+01
-1.999999999999938494e+00 7.210483027915483945e+01
2.000000000000150102e+00 7.188891845062323682e+01
6.000000000000133227e+00 7.167727857543496839e+01
1.000000000000011546e+01 7.147634884115331033e+01
1.400000000000009948e+01 7.129287977100204898e+01
1.800000000000008171e+01 7.113313357883743038e+01
2.200000000000006395e+01 7.100172620425433934e+01
2.600000000000004619e+01 7.090007198736373084e+01
3.000000000000013500e+01 7.082446914927453463e+01
3.400000000000012079e+01 7.076400713544751397e+01
3.800000000000009948e+01 7.069866693237167965e+01
4.200000000000008527e+01 7.059815686031737414e+01
4.600000000000007105e+01 7.042205715827890344e+01
5.000000000000004974e+01 7.012152978802475900e+01
5.400000000000014211e+01 6.964658208269213446e+01
5.800000000000012079e+01 6.895638548287797676e+01
6.200000000000010658e+01 6.802033238870643572e+01
6.600000000000008527e+01 6.681225881428503044e+01
