-4.979999999999999432e+02 7.717508955056410969e+01
-4.939999999999999432e+02 7.656358920220634445e+01
-4.899999999999999432e+02 7.626228219237242456e+01
-4.859999999999998863e+02 7.613772041882822350e+01
-4.819999999999998863e+02 7.614967141318288668e+01
-4.779999999999998863e+02 7.627463882815402485e+01
-4.739999999999999432e+02 7.648941765825958328e+01
-4.699999999999999432e+02 7.676974277471606456e+01
-4.659999999999998863e+02 7.709261788944735372e+01
-4.619999999999999432e+02 7.743839793395898141e+01
-4.579999999999999432e+02 7.779166543460911498e+01
-4.539999999999998863e+02 7.813981825472609444e+01
-4.499999999999999432e+02 7.847240496685174094e+01
-4.459999999999999432e+02 7.878589819095145685e+01
-4.419999999999998863e+02 7.907788761850321180e+01
-4.379999999999999432e+02 7.934742852978757810e+01
-4.339999999999999432e+02 7.959460627916405429e+01
-4.299999999999998863e+02 7.982021388311113697e+01
-4.259999999999999432e+02 8.002551108126317558e+01
-4.219999999999999432e+02 8.021204029807609004e+01
-4.179999999999999432e+02 8.038148337166245483e+01
-4.139999999999999432e+02 8.053554973095685909e+01
-4.099999999999999432e+02 8.067589114133721750e+01
-4.059999999999998863e+02 8.080404036909231991e+01
-4.019999999999999432e+02 8.092137173900852076e+01
-3.979999999999999432e+02 8.102908120375929002e+01
-3.939999999999999432e+02 8.112818291628786938e+01
-3.899999999999999432e+02 8.121951863444354558e+01
-3.859999999999999432e+02 8.130377608930467659e+01
-3.819999999999998863e+02 8.138151254213710217e+01
-3.779999999999999432e+02 8.145318015798278566e+01
-3.739999999999999432e+02 8.151915054183604070e+01
-3.699999999999999432e+02 8.157973655359404574e+01
-3.659999999999999432e+02 8.163521030550117530e+01
-3.619999999999999432e+02 8.168581689442299876e+01
-3.579999999999998863e+02 8.173178398084866103e+01
-3.539999999999998863e+02 8.177332768469352686e+01
-3.499999999999999432e+02 8.181065556059502342e+01
-3.459999999999999432e+02 8.184396742627006915e+01
-3.419999999999998863e+02 8.187345480122627350e+01
-3.379999999999999432e+02 8.189929967429259250e+01
-3.339999999999998863e+02 8.192167313750127278e+01
-3.299999999999998863e+02 8.194073423686410251e+01
-3.259999999999999432e+02 8.195662927809468101e+01
-3.219999999999999432e+02 8.196949168389642182e+01
-3.179999999999998863e+02 8.197944234076300063e+01
-3.139999999999999432e+02 8.198659038473635974e+01
-3.099999999999998863e+02 8.199103427134633648e+01
-3.059999999999998863e+02 8.199286303425111555e+01
-3.019999999999999432e+02 8.199215754980747306e+01
-2.979999999999999432e+02 8.198899172719882245e+01
-2.939999999999999432e+02 8.198343356358867595e+01
-2.899999999999999432e+02 8.197554601455806278e+01
-2.859999999999998863e+02 8.196538768116147367e+01
-2.819999999999998863e+02 8.195301330406641682e+01
-2.779999999999999432e+02 8.193847409035083729e+01
-2.739999999999999432e+02 8.192181791853442974e+01
-2.699999999999999432e+02 8.190308945394758666e+01
-2.659999999999999432e+02 8.188233021169605763e+01
-2.619999999999998863e+02 8.185957858055940051e+01
-2.579999999999998863e+02 8.183486983546612237e+01
-2.539999999999999147e+02 8.180823615348236899e+01
-2.499999999999999432e+02 8.177970661862656243e+01
-2.459999999999998863e+02 8.174930725454180447e+01
-2.419999999999999147e+02 8.171706105743959370e+01
-2.379999999999999432e+02 8.168298804521685952e+01
-2.339999999999998863e+02 8.164710529896825619e+01
-2.299999999999999147e+02 8.160942700444724096e+01
-2.259999999999999432e+02 8.156996449368392632e+01
-2.219999999999998863e+02 8.152872628212912787e+01
-2.179999999999999147e+02 8.148571810317326936e+01
-2.139999999999999432e+02 8.144094297171989183e+01
-2.099999999999998863e+02 8.139440125108581015e+01
-2.059999999999999147e+02 8.134609071017661108e+01
-2.019999999999999432e+02 8.129600663144532291e+01
-1.979999999999998863e+02 8.124414193264084361e+01
-1.939999999999999147e+02 8.119048731086166981e+01
-1.899999999999999147e+02 8.113503142018561221e+01
-1.859999999999998863e+02 8.107776104887147994e+01
-1.819999999999999147e+02 8.101866131329870768e+01
-1.779999999999999147e+02 8.095771584732517567e+01
-1.739999999999998863e+02 8.089490695674459175e+01
-1.699999999999999147e+02 8.083021570147496959e+01
-1.659999999999999147e+02 8.076362187218876443e+01
-1.619999999999998863e+02 8.069510384874928377e+01
-1.579999999999999147e+02 8.062463829471704457e+01
-1.539999999999999147e+02 8.055219963641309278e+01
-1.499999999999998863e+02 8.047775935452489193e+01
-1.459999999999999147e+02 8.040128505866562136e+01
-1.419999999999999147e+02 8.032273939867582158e+01
-1.379999999999998863e+02 8.024207889219098888e+01
-1.339999999999999147e+02 8.015925276654257914e+01
-1.299999999999999147e+02 8.007420195026213605e+01
-1.259999999999998863e+02 7.998685839508885920e+01
-1.219999999999999005e+02 7.989714493177814347e+01
-1.179999999999999147e+02 7.980497584715999437e+01
-1.139999999999998863e+02 7.971025836080411864e+01
-1.099999999999999005e+02 7.961289509898790584e+01
-1.059999999999999147e+02 7.951278758885962361e+01
-1.019999999999999289e+02 7.940984062971995172e+01
-9.799999999999990052e+01 7.930396726688570652e+01
-9.399999999999991473e+01 7.919509386469218271e+01
-8.999999999999992895e+01 7.908316458576604191e+01
-8.599999999999990052e+01 7.896814438714557127e+01
-8.199999999999991473e+01 7.885001952164310524e+01
-7.799999999999992895e+01 7.872879442487180768e+01
-7.399999999999990052e+01 7.860448395224136675e+01
-6.999999999999991473e+01 7.847710012151537740e+01
-6.599999999999992895e+01 7.834663288697163352e+01
-6.199999999999989342e+01 7.821302508225454631e+01
-5.799999999999990763e+01 7.807614248198069618e+01
-5.399999999999992895e+01 7.793587907155489347e+01
-4.999999999999989342e+01 7.779273115812054584e+01
-4.599999999999990763e+01 7.764636768483507012e+01
-4.199999999999992895e+01 7.749614459163575475e+01
-3.799999999999989342e+01 7.734125174737698671e+01
-3.399999999999990763e+01 7.718074282516539597e+01
-2.999999999999992539e+01 7.701359354883175001e+01
-2.599999999999988987e+01 7.683879086121805813e+01
-2.199999999999990408e+01 7.665545228876351302e+01
-1.799999999999986855e+01 7.646297058785256695e+01
-1.399999999999988631e+01 7.626117402872199591e+01
-9.999999999999904077e+00 7.605048804901514359e+01
-5.999999999999920952e+00 7.583207991604837162e+01
-1.999999999999938494e+00 7.560796489574858015e+01
2.000000000000150102e+00 7.538104976256408918e+01
6.000000000000133227e+00 7.515508652301417669e+01
1.000000000000011546e+01 7.493450423657299098e+01
1.400000000000009948e+01 7.472407916468040412e+01
1.800000000000008171e+01 7.452839477574440252e+01
2.200000000000006395e+01 7.435103978083157017e+01
2.600000000000004619e+01 7.419350673401584118e+01
3.000000000000013500e+01 7.405380183992934917e+01
3.400000000000012079e+01 7.392546580458053995e+01
3.800000000000009948e+01 7.379571599892364020e+01
4.200000000000008527e+01 7.364339017218435401e+01
4.600000000000007105e+01 7.344035863108712192e+01
5.000000000000004974e+01 7.315289928627760219e+01
5.400000000000014211e+01 7.274497380550081971e+01
5.800000000000012079e+01 7.218277095273288069e+01
6.200000000000010658e+01 7.143775116385592128e+01
