-4.979999999999999432e+02 8.011249509658409806e+01
-4.939999999999999432e+02 7.952509470471443365e+01
-4.899999999999999432e+02 7.924659030519723046e+01
-4.859999999999998863e+02 7.914768173336989321e+01
-4.819999999999998863e+02 7.918853273939572546e+01
-4.779999999999998863e+02 7.934445704442430269e+01
-4.739999999999999432e+02 7.959045317475948877e+01
-4.699999999999999432e+02 7.990057899545666942e+01
-4.659999999999998863e+02 8.025069650479088068e+01
-4.619999999999999432e+02 8.062064234141774932e+01
-4.579999999999999432e+02 8.099498111718224891e+01
-4.539999999999998863e+02 8.136271332522971989e+01
-4.499999999999999432e+02 8.171650806437259007e+01
-4.459999999999999432e+02 8.205145514182623856e+01
-4.419999999999998863e+02 8.236182313737504046e+01
-4.379999999999999432e+02 8.264792983775083712e+01
-4.339999999999999432e+02 8.291021391097353899e+01
-4.299999999999998863e+02 8.314974356879014294e+01
-4.259999999999999432e+02 8.336798471123887566e+01
-4.219999999999999432e+02 8.356662846686350576e+01
-4.179999999999999432e+02 8.374745970090322089e+01
-4.139999999999999432e+02 8.391225595313903796e+01
-4.099999999999999432e+02 8.406271134918563348e+01
-4.059999999999998863e+02 8.420038266467389576e+01
-4.019999999999999432e+02 8.432665556817818242e+01
-3.979999999999999432e+02 8.444272891835709061e+01
-3.939999999999999432e+02 8.454961436295360500e+01
-3.899999999999999432e+02 8.464814790940437206e+01
-3.859999999999999432e+02 8.473900982722221897e+01
-3.819999999999998863e+02 8.482274928125332281e+01
-3.779999999999999432e+02 8.489981050635452675e+01
-3.739999999999999432e+02 8.497055794148940322e+01
-3.699999999999999432e+02 8.503529847837120315e+01
-3.659999999999999432e+02 8.509429973819050019e+01
-3.619999999999999432e+02 8.514780396972406606e+01
-3.579999999999998863e+02 8.519603768812788758e+01
-3.539999999999998863e+02 8.523921756624582713e+01
-3.499999999999999432e+02 8.527755331839438213e+01
-3.459999999999999432e+02 8.531124841985831608e+01
-3.419999999999998863e+02 8.534049943649495162e+01
-3.379999999999999432e+02 8.536549468369889837e+01
-3.339999999999998863e+02 8.538641275722369528e+01
-3.299999999999998863e+02 8.540342130860517500e+01
-3.259999999999999432e+02 8.541667629967378161e+01
-3.219999999999999432e+02 8.542632180016960319e+01
-3.179999999999998863e+02 8.543249029621495083e+01
-3.139999999999999432e+02 8.543530341358359692e+01
-3.099999999999998863e+02 8.543487292073791650e+01
-3.059999999999998863e+02 8.543130188512861878e+01
-3.019999999999999432e+02 8.542468582780617226e+01
-2.979999999999999432e+02 8.541511379772509827e+01
-2.939999999999999432e+02 8.540266928323785578e+01
-2.899999999999999432e+02 8.538743093365923187e+01
-2.859999999999998863e+02 8.536947309568256514e+01
-2.819999999999998863e+02 8.534886616366225098e+01
-2.779999999999999432e+02 8.532567679316696285e+01
-2.739999999999999432e+02 8.529996801140737261e+01
-2.699999999999999432e+02 8.527179925897047497e+01
-2.659999999999999432e+02 8.524122638534453245e+01
-2.619999999999998863e+02 8.520830166046863496e+01
-2.579999999999998863e+02 8.517307377777882493e+01
-2.539999999999999147e+02 8.513558788548914436e+01
-2.499999999999999432e+02 8.509588564363860996e+01
-2.459999999999998863e+02 8.505400529216120731e+01
-2.419999999999999147e+02 8.500998174124532625e+01
-2.379999999999999432e+02 8.496384666267027796e+01
-2.339999999999998863e+02 8.491562858027810989e+01
-2.299999999999999147e+02 8.486535294501584303e+01
-2.259999999999999432e+02 8.481304221046974590e+01
-2.219999999999998863e+02 8.475871588611659035e+01
-2.179999999999999147e+02 8.470239058445685032e+01
-2.139999999999999432e+02 8.464408005453407213e+01
-2.099999999999998863e+02 8.458379520773092963e+01
-2.059999999999999147e+02 8.452154414454008702e+01
-2.019999999999999432e+02 8.445733218923305685e+01
-1.979999999999998863e+02 8.439116193938428978e+01
-1.939999999999999147e+02 8.432303333812052415e+01
-1.899999999999999147e+02 8.425294376534498042e+01
-1.859999999999998863e+02 8.418088815000982095e+01
-1.819999999999999147e+02 8.410685910593184644e+01
-1.779999999999999147e+02 8.403084708118331037e+01
-1.739999999999998863e+02 8.395284049427186801e+01
-1.699999999999999147e+02 8.387282585438185833e+01
-1.659999999999999147e+02 8.379078781612707871e+01
-1.619999999999998863e+02 8.370670915466104134e+01
-1.579999999999999147e+02 8.362057061520368961e+01
-1.539999999999999147e+02 8.353235061064214051e+01
-1.499999999999998863e+02 8.344202472929094938e+01
-1.459999999999999147e+02 8.334956506065407211e+01
-1.419999999999999147e+02 8.325493933123948409e+01
-1.379999999999998863e+02 8.315810988881878529e+01
-1.339999999999999147e+02 8.305903260316461001e+01
-1.299999999999999147e+02 8.295765577802922053e+01
-1.259999999999998863e+02 8.285391921189454933e+01
-1.219999999999999005e+02 8.274775356846453178e+01
-1.179999999999999147e+02 8.263908024228743443e+01
-1.139999999999998863e+02 8.252781187595047641e+01
-1.099999999999999005e+02 8.241385369027716479e+01
-1.059999999999999147e+02 8.229710571692572785e+01
-1.019999999999999289e+02 8.217746590242700222e+01
-9.799999999999990052e+01 8.205483397122668521e+01
-9.399999999999991473e+01 8.192925913162753204e+01
-8.999999999999992895e+01 8.180140844003142320e+01
-8.599999999999990052e+01 8.167137977423124084e+01
-8.199999999999991473e+01 8.153919359706532077e+01
-7.799999999999992895e+01 8.140489018680113986e+01
-7.399999999999990052e+01 8.126852533216293750e+01
-6.999999999999991473e+01 8.113016168648897519e+01
-6.599999999999992895e+01 8.098985529382593995e+01
-6.199999999999989342e+01 8.084763724811966767e+01
-5.799999999999990763e+01 8.070349110657815572e+01
-5.399999999999992895e+01 8.055732747813726746e+01
-4.999999999999989342e+01 8.040895811215068534e+01
-4.599999999999990763e+01 8.025807281181090502e+01
-4.199999999999992895e+01 8.010422336598333004e+01
-3.799999999999989342e+01 7.994681934676674473e+01
-3.399999999999990763e+01 7.978514086501570546e+01
-2.999999999999992539e+01 7.961837292358228524e+01
-2.599999999999988987e+01 7.944566482447072531e+01
-2.199999999999990408e+01 7.926621599274972141e+01
-1.799999999999986855e+01 7.907938665693529856e+01
-1.399999999999988631e+01 7.888482833683957551e+01
-9.999999999999904077e+00 7.868262531345453681e+01
-5.999999999999920952e+00 7.847343452582975942e+01
-1.999999999999938494e+00 7.825860782409961303e+01
2.000000000000150102e+00 7.804027678044803906e+01
6.000000000000133227e+00 7.782169394324819223e+01
1.000000000000011546e+01 7.760911080420834196e+01
1.400000000000009948e+01 7.740682835191699951e+01
1.800000000000008171e+01 7.721883367569068923e+01
2.200000000000006395e+01 7.704838687580854639e+01
2.600000000000004619e+01 7.689717952207962526e+01
3.000000000000013500e+01 7.676427937506230137e+01
3.400000000000012079e+01 7.664492066001741932e+01
3.800000000000009948e+01 7.652929078200554613e+01
4.200000000000008527e+01 7.640157923176519716e+01
4.600000000000007105e+01 7.623965736133351356e+01
5.000000000000004974e+01 7.601578028892481598e+01
5.400000000000014211e+01 7.569851040080357052e+01
5.800000000000012079e+01 7.525531937151839657e+01
6.200000000000010658e+01 7.465282446449543841e+01
