-4.979999999999999432e+02 6.478887592973916298e+01
-4.939999999999999432e+02 6.392257364684098775e+01
-4.899999999999999432e+02 6.341636350433947200e+01
-4.859999999999998863e+02 6.307720258803323077e+01
-4.819999999999998863e+02 6.284964793819398210e+01
-4.779999999999998863e+02 6.271472971119595741e+01
-4.739999999999999432e+02 6.266253087500916763e+01
-4.699999999999999432e+02 6.268318241177428263e+01
-4.659999999999998863e+02 6.276484037205847244e+01
-4.619999999999999432e+02 6.289448235629197370e+01
-4.579999999999999432e+02 6.305936922273298251e+01
-4.539999999999998863e+02 6.324817305137992207e+01
-4.499999999999999432e+02 6.345151844088718462e+01
-4.459999999999999432e+02 6.366204521032096864e+01
-4.419999999999998863e+02 6.387419578397634723e+01
-4.379999999999999432e+02 6.408389953873353306e+01
-4.339999999999999432e+02 6.428826074004234670e+01
-4.299999999999998863e+02 6.448529769391404898e+01
-4.259999999999999432e+02 6.467374088871662252e+01
-4.219999999999999432e+02 6.485287743914335579e+01
-4.179999999999999432e+02 6.502242349335671179e+01
-4.139999999999999432e+02 6.518240993644349146e+01
-4.099999999999999432e+02 6.533307450990861298e+01
-4.059999999999998863e+02 6.547476109620259876e+01
-4.019999999999999432e+02 6.560783175565785541e+01
-3.979999999999999432e+02 6.573259825597517647e+01
-3.939999999999999432e+02 6.584927795502210301e+01
-3.899999999999999432e+02 6.595797534525183892e+01
-3.859999999999999432e+02 6.605878808283961234e+01
-3.819999999999998863e+02 6.615152512875255297e+01
-3.779999999999999432e+02 6.623597188889169729e+01
-3.739999999999999432e+02 6.631199668025129768e+01
-3.699999999999999432e+02 6.637949785426059179e+01
-3.659999999999999432e+02 6.643843543339124835e+01
-3.619999999999999432e+02 6.648885556270465713e+01
-3.579999999999998863e+02 6.653090633149804489e+01
-3.539999999999998863e+02 6.656484460621726384e+01
-3.499999999999999432e+02 6.659103439550420944e+01
-3.459999999999999432e+02 6.660993781145077719e+01
-3.419999999999998863e+02 6.662210015397113239e+01
-3.379999999999999432e+02 6.662813083289529459e+01
-3.339999999999998863e+02 6.662868197209917298e+01
-3.299999999999998863e+02 6.662442641293773704e+01
-3.259999999999999432e+02 6.661603664598140995e+01
-3.219999999999999432e+02 6.660416596339592843e+01
-3.179999999999998863e+02 6.658943269674585963e+01
-3.139999999999999432e+02 6.657240806855304527e+01
-3.099999999999998863e+02 6.655360785869623896e+01
-3.059999999999998863e+02 6.653348774161588608e+01
-3.019999999999999432e+02 6.651244188526669632e+01
-2.979999999999999432e+02 6.649080432221592218e+01
-2.939999999999999432e+02 6.646885242267603644e+01
-2.899999999999999432e+02 6.644681185238260923e+01
-2.859999999999998863e+02 6.642486239482275323e+01
-2.819999999999998863e+02 6.640314415640773404e+01
-2.779999999999999432e+02 6.638176370019186834e+01
-2.739999999999999432e+02 6.636079982098578967e+01
-2.699999999999999432e+02 6.634030876579294045e+01
-2.659999999999999432e+02 6.632032876494048423e+01
-2.619999999999998863e+02 6.630088388159970236e+01
-2.579999999999998863e+02 6.628198719473948586e+01
-2.539999999999999147e+02 6.626364336489604057e+01
-2.499999999999999432e+02 6.624585070506049078e+01
-2.459999999999998863e+02 6.622860283785757929e+01
-2.419999999999999147e+02 6.621189004113762167e+01
-2.379999999999999432e+02 6.619570036101555388e+01
-2.339999999999998863e+02 6.618002059559103145e+01
-2.299999999999999147e+02 6.616483714816604333e+01
-2.259999999999999432e+02 6.615013682332346434e+01
-2.219999999999998863e+02 6.613590757769378570e+01
-2.179999999999999147e+02 6.612213919312569033e+01
-2.139999999999999432e+02 6.610882389999841280e+01
-2.099999999999998863e+02 6.609595689461633583e+01
-2.059999999999999147e+02 6.608353670497194798e+01
-2.019999999999999432e+02 6.607156540136139711e+01
-1.979999999999998863e+02 6.606004856711024331e+01
-1.939999999999999147e+02 6.604899499839331156e+01
-1.899999999999999147e+02 6.603841608890195403e+01
-1.859999999999998863e+02 6.602832485140351082e+01
-1.819999999999999147e+02 6.601873458485289348e+01
-1.779999999999999147e+02 6.600965716422803098e+01
-1.739999999999998863e+02 6.600110101257831730e+01
-1.699999999999999147e+02 6.599308521336962485e+01
-1.659999999999999147e+02 6.598559009311657064e+01
-1.619999999999998863e+02 6.597859717985022598e+01
-1.579999999999999147e+02 6.597207818983434890e+01
-1.539999999999999147e+02 6.596599114186312818e+01
-1.499999999999998863e+02 6.596027995115395015e+01
-1.459999999999999147e+02 6.595487537603213468e+01
-1.419999999999999147e+02 6.594969758582868735e+01
-1.379999999999998863e+02 6.594466068969666139e+01
-1.339999999999999147e+02 6.593967942765527823e+01
-1.299999999999999147e+02 6.593467806000751352e+01
-1.259999999999998863e+02 6.592960133537764023e+01
-1.219999999999999005e+02 6.592442715756652660e+01
-1.179999999999999147e+02 6.591918024260451148e+01
-1.139999999999998863e+02 6.591394580937861747e+01
-1.099999999999999005e+02 6.590888194793785715e+01
-1.059999999999999147e+02 6.590422901375944775e+01
-1.019999999999999289e+02 6.590031414157937206e+01
-9.799999999999990052e+01 6.589754872334026459e+01
-9.399999999999991473e+01 6.589641667086488042e+01
-8.999999999999992895e+01 6.589745138843818495e+01
-8.599999999999990052e+01 6.590119982284744538e+01
-8.199999999999991473e+01 6.590817264815717635e+01
-7.799999999999992895e+01 6.591878087824738941e+01
-7.399999999999990052e+01 6.593326074637258216e+01
-6.999999999999991473e+01 6.595159078432328670e+01
-6.599999999999992895e+01 6.597340741879554571e+01
-6.199999999999989342e+01 6.599792780105474321e+01
-5.799999999999990763e+01 6.602396125539763716e+01
-5.399999999999992895e+01 6.604965853871613035e+01
-4.999999999999989342e+01 6.607274253185670432e+01
-4.599999999999990763e+01 6.609052996301983285e+01
-4.199999999999992895e+01 6.610006825006274767e+01
-3.799999999999989342e+01 6.609834939329749659e+01
-3.399999999999990763e+01 6.608259259918344242e+01
-2.999999999999992539e+01 6.605058859060261511e+01
-2.599999999999988987e+01 6.600109397727129590e+01
-2.199999999999990408e+01 6.593407399228425447e+01
-1.799999999999986855e+01 6.585161050124389703e+01
-1.399999999999988631e+01 6.575806149606023610e+01
-9.999999999999904077e+00 6.566053836203775518e+01
-5.999999999999920952e+00 6.556921842489833807e+01
-1.999999999999938494e+00 6.549747525225450318e+01
2.000000000000150102e+00 6.546172175607068766e+01
6.000000000000133227e+00 6.548081996506408586e+01
1.000000000000011546e+01 6.557486951600304792e+01
1.400000000000009948e+01 6.576315887822232753e+01
1.800000000000008171e+01 6.606124869644969522e+01
2.200000000000006395e+01 6.647664805553569067e+01
2.600000000000004619e+01 6.700052965830479934e+01
3.000000000000013500e+01 6.760455281704446406e+01
3.400000000000012079e+01 6.823591423913268272e+01
3.800000000000009948e+01 6.881591117634292232e+01
4.200000000000008527e+01 6.924272851114653804e+01
4.600000000000007105e+01 6.939950887387760758e+01
5.000000000000004974e+01 6.916824395086968025e+01
5.400000000000014211e+01 6.844810650849086642e+01
5.800000000000012079e+01 6.716992413198818213e+01
6.200000000000010658e+01 6.527745813434449929e+01
