-4.979999999999999432e+02 7.592289074893108136e+01
-4.939999999999999432e+02 7.528156962215007297e+01
-4.899999999999999432e+02 7.496192104023447200e+01
-4.859999999999998863e+02 7.482210327988110521e+01
-4.819999999999998863e+02 7.481895624317650118e+01
-4.779999999999998863e+02 7.492804006271614981e+01
-4.739999999999999432e+02 7.512601705128986396e+01
-4.699999999999999432e+02 7.538875179896461987e+01
-4.659999999999998863e+02 7.569340945230021589e+01
-4.619999999999999432e+02 7.602047249409270080e+01
-4.579999999999999432e+02 7.635461312969897563e+01
-4.539999999999998863e+02 7.668460162253882118e+01
-4.499999999999999432e+02 7.700271646625100175e+01
-4.459999999999999432e+02 7.730401690353318145e+01
-4.419999999999998863e+02 7.758566670780152208e+01
-4.379999999999999432e+02 7.784637583557599783e+01
-4.339999999999999432e+02 7.808546409118736165e+01
-4.299999999999998863e+02 7.830242113065838794e+01
-4.259999999999999432e+02 7.849900557624374642e+01
-4.219999999999999432e+02 7.867679173006513338e+01
-4.179999999999999432e+02 7.883749213437181425e+01
-4.139999999999999432e+02 7.898284653557601587e+01
-4.099999999999999432e+02 7.911453686359010362e+01
-4.059999999999998863e+02 7.923412577489267505e+01
-4.019999999999999432e+02 7.934301692786203830e+01
-3.979999999999999432e+02 7.944243475300999080e+01
-3.939999999999999432e+02 7.953342073260375855e+01
-3.899999999999999432e+02 7.961684257197617853e+01
-3.859999999999999432e+02 7.969341238246130388e+01
-3.819999999999998863e+02 7.976371004020137434e+01
-3.779999999999999432e+02 7.982820840701469933e+01
-3.739999999999999432e+02 7.988729774092479374e+01
-3.699999999999999432e+02 7.994130743277429474e+01
-3.659999999999999432e+02 7.999052397977698092e+01
-3.619999999999999432e+02 8.003520473828308468e+01
-3.579999999999998863e+02 8.007558759234802892e+01
-3.539999999999998863e+02 8.011189699139578124e+01
-3.499999999999999432e+02 8.014434706330973768e+01
-3.459999999999999432e+02 8.017314257307975822e+01
-3.419999999999998863e+02 8.019847852963238211e+01
-3.379999999999999432e+02 8.022053907858219191e+01
-3.339999999999998863e+02 8.023949623910266382e+01
-3.299999999999998863e+02 8.025550883117091416e+01
-3.259999999999999432e+02 8.026872185729808962e+01
-3.219999999999999432e+02 8.027926641639783156e+01
-3.179999999999998863e+02 8.028726011385310812e+01
-3.139999999999999432e+02 8.029280791938617767e+01
-3.099999999999998863e+02 8.029600331672901348e+01
-3.059999999999998863e+02 8.029692964182612513e+01
-3.019999999999999432e+02 8.029566143669029543e+01
-2.979999999999999432e+02 8.029226577516396901e+01
-2.939999999999999432e+02 8.028680342259656300e+01
-2.899999999999999432e+02 8.027932984577148545e+01
-2.859999999999998863e+02 8.026989597776213259e+01
-2.819999999999998863e+02 8.025854882713889538e+01
-2.779999999999999432e+02 8.024533189730090044e+01
-2.739999999999999432e+02 8.023028546750089163e+01
-2.699999999999999432e+02 8.021344677413986801e+01
-2.659999999999999432e+02 8.019485010107126755e+01
-2.619999999999998863e+02 8.017452682736677616e+01
-2.579999999999998863e+02 8.015250543953794704e+01
-2.539999999999999147e+02 8.012881153458727113e+01
-2.499999999999999432e+02 8.010346781589237253e+01
-2.459999999999998863e+02 8.007649410712218696e+01
-2.419999999999999147e+02 8.004790735154642789e+01
-2.379999999999999432e+02 8.001772162026679780e+01
-2.339999999999998863e+02 7.998594813461528474e+01
-2.299999999999999147e+02 7.995259529154941447e+01
-2.259999999999999432e+02 7.991766869529720907e+01
-2.219999999999998863e+02 7.988117117896496211e+01
-2.179999999999999147e+02 7.984310286643835752e+01
-2.139999999999999432e+02 7.980346121847372842e+01
-2.099999999999998863e+02 7.976224111359852031e+01
-2.059999999999999147e+02 7.971943494778133754e+01
-2.019999999999999432e+02 7.967503275703182908e+01
-1.979999999999998863e+02 7.962902235992851274e+01
-1.939999999999999147e+02 7.958138952696850765e+01
-1.899999999999999147e+02 7.953211816050418292e+01
-1.859999999999998863e+02 7.948119050161602672e+01
-1.819999999999999147e+02 7.942858730506333131e+01
-1.779999999999999147e+02 7.937428801652987431e+01
-1.739999999999998863e+02 7.931827088573913898e+01
-1.699999999999999147e+02 7.926051302582590097e+01
-1.659999999999999147e+02 7.920099035516818731e+01
-1.619999999999998863e+02 7.913967740405149698e+01
-1.579999999999999147e+02 7.907654695423298108e+01
-1.539999999999999147e+02 7.901156948412005931e+01
-1.499999999999998863e+02 7.894471242765786201e+01
-1.459999999999999147e+02 7.887593924679589463e+01
-1.419999999999999147e+02 7.880520833611274156e+01
-1.379999999999998863e+02 7.873247187236177069e+01
-1.339999999999999147e+02 7.865767469328858397e+01
-1.299999999999999147e+02 7.858075332947129255e+01
-1.259999999999998863e+02 7.850163539891178743e+01
-1.219999999999999005e+02 7.842023954379612860e+01
-1.179999999999999147e+02 7.833647608273884089e+01
-1.139999999999998863e+02 7.825024858850338205e+01
-1.099999999999999005e+02 7.816145646280517667e+01
-1.059999999999999147e+02 7.806999856041318253e+01
-1.019999999999999289e+02 7.797579453564469532e+01
-9.799999999999990052e+01 7.787909777048338356e+01
-9.399999999999991473e+01 7.778000174153464741e+01
-8.999999999999992895e+01 7.767849822356129152e+01
-8.599999999999990052e+01 7.757460427117445079e+01
-8.199999999999991473e+01 7.746836251884940339e+01
-7.799999999999992895e+01 7.735983764363453474e+01
-7.399999999999990052e+01 7.724910801382577574e+01
-6.999999999999991473e+01 7.713625168837899082e+01
-6.599999999999992895e+01 7.702132648823118188e+01
-6.199999999999989342e+01 7.690434441332882898e+01
-5.799999999999990763e+01 7.678524160214550420e+01
-5.399999999999992895e+01 7.666384611056423637e+01
-4.999999999999989342e+01 7.653984690921561196e+01
-4.599999999999990763e+01 7.641276874705556565e+01
-4.199999999999992895e+01 7.628195852855998282e+01
-3.799999999999989342e+01 7.614658950280835370e+01
-3.399999999999990763e+01 7.600568957381466362e+01
-2.999999999999992539e+01 7.585819913164505124e+01
-2.599999999999988987e+01 7.570306176886509775e+01
-2.199999999999990408e+01 7.553934822248038472e+01
-1.799999999999986855e+01 7.536640971985548276e+01
-1.399999999999988631e+01 7.518405226242344952e+01
-9.999999999999904077e+00 7.499271856692740812e+01
-5.999999999999920952e+00 7.479365989959302397e+01
-1.999999999999938494e+00 7.458907598846269593e+01
2.000000000000150102e+00 7.438219698392560986e+01
6.000000000000133227e+00 7.417727584763997584e+01
1.000000000000011546e+01 7.397938526319398989e+01
1.400000000000009948e+01 7.379503250787269053e+01
1.800000000000008171e+01 7.363123829584532132e+01
2.200000000000006395e+01 7.349224650735038722e+01
2.600000000000004619e+01 7.338001252150269238e+01
3.000000000000013500e+01 7.329275358349190128e+01
3.400000000000012079e+01 7.322330480796279062e+01
3.800000000000009948e+01 7.315750615105719135e+01
4.200000000000008527e+01 7.307301569382497064e+01
4.600000000000007105e+01 7.293910497108208801e+01
5.000000000000004974e+01 7.271805193890685359e+01
5.400000000000014211e+01 7.236852468532015337e+01
5.800000000000012079e+01 7.185043856012106289e+01
6.200000000000010658e+01 7.112798744871901135e+01
6.600000000000008527e+01 7.015738350969922976e+01
7.000000000000007105e+01 6.880451638287490823e+01
