-4.979999999999999432e+02 7.247025386276510517e+01
-4.939999999999999432e+02 7.177593275289910935e+01
-4.899999999999999432e+02 7.141151538466004922e+01
-4.859999999999998863e+02 7.122356161254612061e+01
-4.819999999999998863e+02 7.116618902124969281e+01
-4.779999999999998863e+02 7.121594758172290085e+01
-4.739999999999999432e+02 7.135204375711606417e+01
-4.699999999999999432e+02 7.155297658893607604e+01
-4.659999999999998863e+02 7.179783201421997774e+01
-4.619999999999999432e+02 7.206810073808105699e+01
-4.579999999999999432e+02 7.234871362788931037e+01
-4.539999999999998863e+02 7.262822912685948040e+01
-4.499999999999999432e+02 7.289849349228990150e+01
-4.459999999999999432e+02 7.315408468171693812e+01
-4.419999999999998863e+02 7.339173217732394505e+01
-4.379999999999999432e+02 7.360980079690648381e+01
-4.339999999999999432e+02 7.380786357909943263e+01
-4.299999999999998863e+02 7.398635919255906401e+01
-4.259999999999999432e+02 7.414563440543554407e+01
-4.219999999999999432e+02 7.428741893726390799e+01
-4.179999999999999432e+02 7.441342297054586652e+01
-4.139999999999999432e+02 7.452536911066403036e+01
-4.099999999999999432e+02 7.462494053278874162e+01
-4.059999999999998863e+02 7.471370953856779806e+01
-4.019999999999999432e+02 7.479309077315730292e+01
-3.979999999999999432e+02 7.486431663341073772e+01
-3.939999999999999432e+02 7.492843143621269064e+01
-3.899999999999999432e+02 7.498630020102041271e+01
-3.859999999999999432e+02 7.503862747694154223e+01
-3.819999999999998863e+02 7.508598190883839152e+01
-3.779999999999999432e+02 7.512882280182822115e+01
-3.739999999999999432e+02 7.516752573106094815e+01
-3.699999999999999432e+02 7.520240520900205183e+01
-3.659999999999999432e+02 7.523373325743790474e+01
-3.619999999999999432e+02 7.526175348617459804e+01
-3.579999999999998863e+02 7.528669079257127805e+01
-3.539999999999998863e+02 7.530875726487977317e+01
-3.499999999999999432e+02 7.532815499948537763e+01
-3.459999999999999432e+02 7.534507667220174199e+01
-3.419999999999998863e+02 7.535970471821462979e+01
-3.379999999999999432e+02 7.537220975588797955e+01
-3.339999999999998863e+02 7.538274889402100598e+01
-3.299999999999998863e+02 7.539146432384342233e+01
-3.259999999999999432e+02 7.539848243427354646e+01
-3.219999999999999432e+02 7.540391358472118100e+01
-3.179999999999998863e+02 7.540785247377777978e+01
-3.139999999999999432e+02 7.541037910158945579e+01
-3.099999999999998863e+02 7.541156011970133477e+01
-3.059999999999998863e+02 7.541145047473031582e+01
-3.019999999999999432e+02 7.541009514408591485e+01
-2.979999999999999432e+02 7.540753086160140128e+01
-2.939999999999999432e+02 7.540378773969132453e+01
-2.899999999999999432e+02 7.539889067721446736e+01
-2.859999999999998863e+02 7.539286057238956573e+01
-2.819999999999998863e+02 7.538571525391046180e+01
-2.779999999999999432e+02 7.537747019496288203e+01
-2.739999999999999432e+02 7.536813901898921131e+01
-2.699999999999999432e+02 7.535773380552950584e+01
-2.659999999999999432e+02 7.534626526429161686e+01
-2.619999999999998863e+02 7.533374276238737366e+01
-2.579999999999998863e+02 7.532017426475215416e+01
-2.539999999999999147e+02 7.530556623364020652e+01
-2.499999999999999432e+02 7.528992346574494832e+01
-2.459999999999998863e+02 7.527324891814407692e+01
-2.419999999999999147e+02 7.525554353734150936e+01
-2.379999999999999432e+02 7.523680609006117948e+01
-2.339999999999998863e+02 7.521703302211881237e+01
-2.299999999999999147e+02 7.519621835445616398e+01
-2.259999999999999432e+02 7.517435360931506239e+01
-2.219999999999998863e+02 7.515142780815756396e+01
-2.179999999999999147e+02 7.512742749888496974e+01
-2.139999999999999432e+02 7.510233684906523877e+01
-2.099999999999998863e+02 7.507613777727340221e+01
-2.059999999999999147e+02 7.504881016959683393e+01
-2.019999999999999432e+02 7.502033211919189171e+01
-1.979999999999998863e+02 7.499068020442609850e+01
-1.939999999999999147e+02 7.495982977992031238e+01
-1.899999999999999147e+02 7.492775525787925517e+01
-1.859999999999998863e+02 7.489443036546731491e+01
-1.819999999999999147e+02 7.485982832972825918e+01
-1.779999999999999147e+02 7.482392201422834432e+01
-1.739999999999998863e+02 7.478668388695581370e+01
-1.699999999999999147e+02 7.474808586636936525e+01
-1.659999999999999147e+02 7.470809894385774896e+01
-1.619999999999998863e+02 7.466669263248803645e+01
-1.579999999999999147e+02 7.462383420447719118e+01
-1.539999999999999147e+02 7.457948770269223360e+01
-1.499999999999998863e+02 7.453361278833847337e+01
-1.459999999999999147e+02 7.448616348544328503e+01
-1.419999999999999147e+02 7.443708689657785271e+01
-1.379999999999998863e+02 7.438632206436801653e+01
-1.339999999999999147e+02 7.433379912038748216e+01
-1.299999999999999147e+02 7.427943890617262923e+01
-1.259999999999998863e+02 7.422315329910679793e+01
-1.219999999999999005e+02 7.416484643715693892e+01
-1.179999999999999147e+02 7.410441696547985657e+01
-1.139999999999998863e+02 7.404176147785580042e+01
-1.099999999999999005e+02 7.397679866332845222e+01
-1.059999999999999147e+02 7.390958205504614398e+01
-1.019999999999999289e+02 7.384007595210323416e+01
-9.799999999999990052e+01 7.376824475087585142e+01
-9.399999999999991473e+01 7.369407999458564973e+01
-8.999999999999992895e+01 7.361760352107705785e+01
-8.599999999999990052e+01 7.353886745396545166e+01
-8.199999999999991473e+01 7.345794979509196310e+01
-7.799999999999992895e+01 7.337494444471536781e+01
-7.399999999999990052e+01 7.328994472756050982e+01
-6.999999999999991473e+01 7.320301997881853140e+01
-6.599999999999992895e+01 7.311418544789842144e+01
-6.199999999999989342e+01 7.302336675346782613e+01
-5.799999999999990763e+01 7.293036133268947196e+01
-5.399999999999992895e+01 7.283480061960534613e+01
-4.999999999999989342e+01 7.273611823215867389e+01
-4.599999999999990763e+01 7.263353064431953499e+01
-4.199999999999992895e+01 7.252603772896725332e+01
-3.799999999999989342e+01 7.241245087346226228e+01
-3.399999999999990763e+01 7.229145547739767608e+01
-2.999999999999992539e+01 7.216171266100775483e+01
-2.599999999999988987e+01 7.202200155838227147e+01
-2.199999999999990408e+01 7.187139895093309860e+01
-1.799999999999986855e+01 7.170948743965033145e+01
-1.399999999999988631e+01 7.153657766917984873e+01
-9.999999999999904077e+00 7.135392471387888236e+01
-5.999999999999920952e+00 7.116391434192723864e+01
-1.999999999999938494e+00 7.097019081642724814e+01
2.000000000000150102e+00 7.077769333762250881e+01
6.000000000000133227e+00 7.059256105265598080e+01
1.000000000000011546e+01 7.042185493791765794e+01
1.400000000000009948e+01 7.027302885815163336e+01
1.800000000000008171e+01 7.015306741790732303e+01
2.200000000000006395e+01 7.006720835653885615e+01
2.600000000000004619e+01 7.001720512593277590e+01
3.000000000000013500e+01 6.999919004815853896e+01
3.400000000000012079e+01 7.000132961075416915e+01
3.800000000000009948e+01 7.000181017406833917e+01
4.200000000000008527e+01 6.996790422483530847e+01
4.600000000000007105e+01 6.985632392462082407e+01
5.000000000000004974e+01 6.961601292400649754e+01
5.400000000000014211e+01 6.919426485957376372e+01
5.800000000000012079e+01 6.854511002030767486e+01
6.200000000000010658e+01 6.763558858902126758e+01
6.600000000000008527e+01 6.643430596927339593e+01
