-4.979999999999999432e+02 8.178051479018421333e+01
-4.939999999999999432e+02 8.122432965329136323e+01
-4.899999999999999432e+02 8.096529352998726381e+01
-4.859999999999998863e+02 8.088210398716762484e+01
-4.819999999999998863e+02 8.093776593364418659e+01
-4.779999999999998863e+02 8.110870349153617553e+01
-4.739999999999999432e+02 8.137038214882994680e+01
-4.699999999999999432e+02 8.169712132212515598e+01
-4.659999999999998863e+02 8.206451772001616973e+01
-4.619999999999999432e+02 8.244753514674931694e+01
-4.579999999999999432e+02 8.283076321340973891e+01
-4.539999999999998863e+02 8.320360543480353499e+01
-4.499999999999999432e+02 8.355924413028384379e+01
-4.459999999999999432e+02 8.389369181272866172e+01
-4.419999999999998863e+02 8.420498600422104118e+01
-4.379999999999999432e+02 8.449257226033483903e+01
-4.339999999999999432e+02 8.475685347067002340e+01
-4.299999999999998863e+02 8.499886482269516819e+01
-4.259999999999999432e+02 8.522003683063849167e+01
-4.219999999999999432e+02 8.542201871459388940e+01
-4.179999999999999432e+02 8.560654427997491211e+01
-4.139999999999999432e+02 8.577532998004704723e+01
-4.099999999999999432e+02 8.592999951060556896e+01
-4.059999999999998863e+02 8.607178151377632958e+01
-4.019999999999999432e+02 8.620142549597386505e+01
-3.979999999999999432e+02 8.632020883401770561e+01
-3.939999999999999432e+02 8.642918282133786079e+01
-3.899999999999999432e+02 8.652921677848559057e+01
-3.859999999999999432e+02 8.662102028391223030e+01
-3.819999999999998863e+02 8.670516928413371716e+01
-3.779999999999999432e+02 8.678213311703933641e+01
-3.739999999999999432e+02 8.685230007101762340e+01
-3.699999999999999432e+02 8.691599977757704210e+01
-3.659999999999999432e+02 8.697352148712650433e+01
-3.619999999999999432e+02 8.702512787342743650e+01
-3.579999999999998863e+02 8.707106455101461506e+01
-3.539999999999998863e+02 8.711156586957076797e+01
-3.499999999999999432e+02 8.714685773064940122e+01
-3.459999999999999432e+02 8.717715825729914059e+01
-3.419999999999998863e+02 8.720267713466273563e+01
-3.379999999999999432e+02 8.722361430653842262e+01
-3.339999999999998863e+02 8.724015857499637150e+01
-3.299999999999998863e+02 8.725248647626813181e+01
-3.259999999999999432e+02 8.726076164077773001e+01
-3.219999999999999432e+02 8.726513468802016860e+01
-3.179999999999998863e+02 8.726574365550538914e+01
-3.139999999999999432e+02 8.726271482523253553e+01
-3.099999999999998863e+02 8.725616381056073578e+01
-3.059999999999998863e+02 8.724619677450476729e+01
-3.019999999999999432e+02 8.723291162950772559e+01
-2.979999999999999432e+02 8.721639913479890538e+01
-2.939999999999999432e+02 8.719674382177396410e+01
-2.899999999999999432e+02 8.717402470894427324e+01
-2.859999999999998863e+02 8.714831581566920704e+01
-2.819999999999998863e+02 8.711968649270750120e+01
-2.779999999999999432e+02 8.708820160252679443e+01
-2.739999999999999432e+02 8.705392160224300824e+01
-2.699999999999999432e+02 8.701690255559373099e+01
-2.659999999999999432e+02 8.697719612033466774e+01
-2.619999999999998863e+02 8.693484953423904926e+01
-2.579999999999998863e+02 8.688990561557693582e+01
-2.539999999999999147e+02 8.684240279184859901e+01
-2.499999999999999432e+02 8.679237514824762911e+01
-2.459999999999998863e+02 8.673985249999520875e+01
-2.419999999999999147e+02 8.668486047002841133e+01
-2.379999999999999432e+02 8.662742057423656661e+01
-2.339999999999998863e+02 8.656755029320248696e+01
-2.299999999999999147e+02 8.650526312614613289e+01
-2.259999999999999432e+02 8.644056862890050752e+01
-2.219999999999998863e+02 8.637347241237870321e+01
-2.179999999999999147e+02 8.630397612952492636e+01
-2.139999999999999432e+02 8.623207742569474021e+01
-2.099999999999998863e+02 8.615776988518928192e+01
-2.059999999999999147e+02 8.608104295696654162e+01
-2.019999999999999432e+02 8.600188188158949743e+01
-1.979999999999998863e+02 8.592042705266061375e+01
-1.939999999999999147e+02 8.583692684071212398e+01
-1.899999999999999147e+02 8.575139195215439258e+01
-1.859999999999998863e+02 8.566382926575425927e+01
-1.819999999999999147e+02 8.557424294673404574e+01
-1.779999999999999147e+02 8.548263460505779676e+01
-1.739999999999998863e+02 8.538900346210232328e+01
-1.699999999999999147e+02 8.529334648101104221e+01
-1.659999999999999147e+02 8.519565844277673250e+01
-1.619999999999998863e+02 8.509593192237122139e+01
-1.579999999999999147e+02 8.499415712371177278e+01
-1.539999999999999147e+02 8.489032155501973875e+01
-1.499999999999998863e+02 8.478440951014545135e+01
-1.459999999999999147e+02 8.467640135071098939e+01
-1.419999999999999147e+02 8.456627260853565531e+01
-1.379999999999998863e+02 8.445399294591163653e+01
-1.339999999999999147e+02 8.433952505660283805e+01
-1.299999999999999147e+02 8.422282362324710903e+01
-1.259999999999998863e+02 8.410383446219543657e+01
-1.219999999999999005e+02 8.398249404070952551e+01
-1.179999999999999147e+02 8.385872952688390569e+01
-1.139999999999998863e+02 8.373245953954437937e+01
-1.099999999999999005e+02 8.360359572608075496e+01
-1.059999999999999147e+02 8.347204520551571250e+01
-1.019999999999999289e+02 8.333771382645892345e+01
-9.799999999999990052e+01 8.320051005096507879e+01
-9.399999999999991473e+01 8.306034910251065639e+01
-8.999999999999992895e+01 8.291715686350681835e+01
-8.599999999999990052e+01 8.277087283854416455e+01
-8.199999999999991473e+01 8.262145133952833476e+01
-7.799999999999992895e+01 8.246886001372047303e+01
-7.399999999999990052e+01 8.231307480106306684e+01
-6.999999999999991473e+01 8.215407054706355439e+01
-6.599999999999992895e+01 8.199180856603101120e+01
-6.199999999999989342e+01 8.182717814865247874e+01
-5.799999999999990763e+01 8.166091915491080044e+01
-5.399999999999992895e+01 8.149291196329664899e+01
-4.999999999999989342e+01 8.132293405034130274e+01
-4.599999999999990763e+01 8.115064051785645916e+01
-4.199999999999992895e+01 8.097555308018201004e+01
-3.799999999999989342e+01 8.079706211781700631e+01
-3.399999999999990763e+01 8.061444627694589826e+01
-2.999999999999992539e+01 8.042691334215061261e+01
-2.599999999999988987e+01 8.023366455779978423e+01
-2.199999999999990408e+01 8.003398215647490588e+01
-1.799999999999986855e+01 7.982733679746945654e+01
-1.399999999999988631e+01 7.961350806700130533e+01
-9.999999999999904077e+00 7.939270767904275772e+01
-5.999999999999920952e+00 7.916569186433179084e+01
-1.999999999999938494e+00 7.893384686915800330e+01
2.000000000000150102e+00 7.869922927005995916e+01
6.000000000000133227e+00 7.846454013993093213e+01
1.000000000000011546e+01 7.823300799792906446e+01
1.400000000000009948e+01 7.800814918888170268e+01
1.800000000000008171e+01 7.779445248587495598e+01
2.200000000000006395e+01 7.759673138862945052e+01
2.600000000000004619e+01 7.741554774985576159e+01
3.000000000000013500e+01 7.724883336712565551e+01
3.400000000000012079e+01 7.709093524781133056e+01
3.800000000000009948e+01 7.693171101436797699e+01
4.200000000000008527e+01 7.675594108260446546e+01
4.600000000000007105e+01 7.654337612316635386e+01
5.000000000000004974e+01 7.626973286170931488e+01
5.400000000000014211e+01 7.590874603658460273e+01
5.800000000000012079e+01 7.543470394371081511e+01
