-4.979999999999999432e+02 6.427544622937654140e+01
-4.939999999999999432e+02 6.319800476206080475e+01
-4.899999999999999432e+02 6.253894964584480931e+01
-4.859999999999998863e+02 6.205271379724598546e+01
-4.819999999999998863e+02 6.167209484437933042e+01
-4.779999999999998863e+02 6.137176613913999290e+01
-4.739999999999999432e+02 6.114799809094711236e+01
-4.699999999999999432e+02 6.099846187323225877e+01
-4.659999999999998863e+02 6.091701147680072381e+01
-4.619999999999999432e+02 6.089396324526012449e+01
-4.579999999999999432e+02 6.091810701090270186e+01
-4.539999999999998863e+02 6.097860928044480033e+01
-4.499999999999999432e+02 6.106609048004713713e+01
-4.459999999999999432e+02 6.117288962961356447e+01
-4.419999999999998863e+02 6.129282888136930296e+01
-4.379999999999999432e+02 6.142080671777699763e+01
-4.339999999999999432e+02 6.155244330971555655e+01
-4.299999999999998863e+02 6.168387856122643598e+01
-4.259999999999999432e+02 6.181172976337347791e+01
-4.219999999999999432e+02 6.193316147467561450e+01
-4.179999999999999432e+02 6.204619997331241166e+01
-4.139999999999999432e+02 6.214967308098994181e+01
-4.099999999999999432e+02 6.224260740521970092e+01
-4.059999999999998863e+02 6.232493448590435037e+01
-4.019999999999999432e+02 6.239717918667400909e+01
-3.979999999999999432e+02 6.246027134490753951e+01
-3.939999999999999432e+02 6.251534055859366390e+01
-3.899999999999999432e+02 6.256353317152576210e+01
-3.859999999999999432e+02 6.260587749928942003e+01
-3.819999999999998863e+02 6.264320651741235224e+01
-3.779999999999999432e+02 6.267613288919432080e+01
-3.739999999999999432e+02 6.270506258057048399e+01
-3.699999999999999432e+02 6.273023089664434337e+01
-3.659999999999999432e+02 6.275174689805902517e+01
-3.619999999999999432e+02 6.276963652532066362e+01
-3.579999999999998863e+02 6.278387936150051019e+01
-3.539999999999998863e+02 6.279443761182494654e+01
-3.499999999999999432e+02 6.280127809882571910e+01
-3.459999999999999432e+02 6.280438896210614530e+01
-3.419999999999998863e+02 6.280379260160515287e+01
-3.379999999999999432e+02 6.279955586910216425e+01
-3.339999999999998863e+02 6.279179777895677717e+01
-3.299999999999998863e+02 6.278069453624607377e+01
-3.259999999999999432e+02 6.276648136748025308e+01
-3.219999999999999432e+02 6.274945078856069358e+01
-3.179999999999998863e+02 6.272994715552931666e+01
-3.139999999999999432e+02 6.270835777235845399e+01
-3.099999999999998863e+02 6.268510120729990831e+01
-3.059999999999998863e+02 6.266061368456723812e+01
-3.019999999999999432e+02 6.263533455543586115e+01
-2.979999999999999432e+02 6.260969177832157584e+01
-2.939999999999999432e+02 6.258408823716064262e+01
-2.899999999999999432e+02 6.255888947144802614e+01
-2.859999999999998863e+02 6.253441326752465557e+01
-2.819999999999998863e+02 6.251092141568585703e+01
-2.779999999999999432e+02 6.248861380825047718e+01
-2.739999999999999432e+02 6.246762502597636058e+01
-2.699999999999999432e+02 6.244802354720587800e+01
-2.659999999999999432e+02 6.242981366069301430e+01
-2.619999999999998863e+02 6.241294006128890715e+01
-2.579999999999998863e+02 6.239729504938611626e+01
-2.539999999999999147e+02 6.238272808912302025e+01
-2.499999999999999432e+02 6.236905735029733933e+01
-2.459999999999998863e+02 6.235608265567344688e+01
-2.419999999999999147e+02 6.234359910858313469e+01
-2.379999999999999432e+02 6.233141068077645741e+01
-2.339999999999998863e+02 6.231934286413780910e+01
-2.299999999999999147e+02 6.230725361980995558e+01
-2.259999999999999432e+02 6.229504194072069367e+01
-2.219999999999998863e+02 6.228265342068027621e+01
-2.179999999999999147e+02 6.227008250540109202e+01
-2.139999999999999432e+02 6.225737129667209047e+01
-2.099999999999998863e+02 6.224460492913277676e+01
-2.059999999999999147e+02 6.223190391362987839e+01
-2.019999999999999432e+02 6.221941389648611676e+01
-1.979999999999998863e+02 6.220729348569034300e+01
-1.939999999999999147e+02 6.219570092239445103e+01
-1.899999999999999147e+02 6.218478044387023829e+01
-1.859999999999998863e+02 6.217464914140498422e+01
-1.819999999999999147e+02 6.216538515670492870e+01
-1.779999999999999147e+02 6.215701797713415999e+01
-1.739999999999998863e+02 6.214952146977458369e+01
-1.699999999999999147e+02 6.214281020730510363e+01
-1.659999999999999147e+02 6.213673951662417494e+01
-1.619999999999998863e+02 6.213110953764089572e+01
-1.579999999999999147e+02 6.212567342389957048e+01
-1.539999999999999147e+02 6.212014966720067832e+01
-1.499999999999998863e+02 6.211423837711316764e+01
-1.459999999999999147e+02 6.210764107133900325e+01
-1.419999999999999147e+02 6.210008340308172592e+01
-1.379999999999998863e+02 6.209134001998472741e+01
-1.339999999999999147e+02 6.208126054229694546e+01
-1.299999999999999147e+02 6.206979543935221955e+01
-1.259999999999998863e+02 6.205702040773246608e+01
-1.219999999999999005e+02 6.204315770037231914e+01
-1.179999999999999147e+02 6.202859266659447712e+01
-1.139999999999998863e+02 6.201388360004926881e+01
-1.099999999999999005e+02 6.199976352809602531e+01
-1.059999999999999147e+02 6.198716980032207857e+01
-1.019999999999999289e+02 6.197709195905667912e+01
-9.799999999999990052e+01 6.197066210501435535e+01
-9.399999999999991473e+01 6.196905060953105249e+01
-8.999999999999992895e+01 6.197338692024158036e+01
-8.599999999999990052e+01 6.198466117572098710e+01
-8.199999999999991473e+01 6.200362880625669959e+01
-7.799999999999992895e+01 6.203076449122590930e+01
-7.399999999999990052e+01 6.206584381364268665e+01
-6.999999999999991473e+01 6.210807911355163924e+01
-6.599999999999992895e+01 6.215594470250016457e+01
-6.199999999999989342e+01 6.220712127690495663e+01
-5.799999999999990763e+01 6.225850025425165768e+01
-5.399999999999992895e+01 6.230626096241229561e+01
-4.999999999999989342e+01 6.234602670846197725e+01
-4.599999999999990763e+01 6.237309757179127701e+01
-4.199999999999992895e+01 6.238275047591042721e+01
-3.799999999999989342e+01 6.237059357888011846e+01
-3.399999999999990763e+01 6.233296441265554222e+01
-2.999999999999992539e+01 6.226736923868008944e+01
-2.599999999999988987e+01 6.217297151570306823e+01
-2.199999999999990408e+01 6.205114445011008684e+01
-1.799999999999986855e+01 6.190530628746722641e+01
-1.399999999999988631e+01 6.174335873420949383e+01
-9.999999999999904077e+00 6.157817685582642753e+01
-5.999999999999920952e+00 6.142730328493087200e+01
-1.999999999999938494e+00 6.131355873296155323e+01
2.000000000000150102e+00 6.126472423638898590e+01
6.000000000000133227e+00 6.131244576295989646e+01
1.000000000000011546e+01 6.149010615258077905e+01
1.400000000000009948e+01 6.182938410758583814e+01
1.800000000000008171e+01 6.236098263458984547e+01
2.200000000000006395e+01 6.309904432662523277e+01
2.600000000000004619e+01 6.402770065253650955e+01
3.000000000000013500e+01 6.509784595355904457e+01
3.400000000000012079e+01 6.622422853701226586e+01
3.800000000000009948e+01 6.728306861558564833e+01
4.200000000000008527e+01 6.808943776548238702e+01
4.600000000000007105e+01 6.848524026430720824e+01
5.000000000000004974e+01 6.833043101081079840e+01
5.400000000000014211e+01 6.750572103983478200e+01
5.800000000000012079e+01 6.590040486236625839e+01
