-4.979999999999999432e+02 6.424762600667474999e+01
-4.939999999999999432e+02 6.321170271463267909e+01
-4.899999999999999432e+02 6.258234990885040361e+01
-4.859999999999998863e+02 6.212369585900069069e+01
-4.819999999999998863e+02 6.177008074943358906e+01
-4.779999999999998863e+02 6.149875918124951113e+01
-4.739999999999999432e+02 6.130425419483913174e+01
-4.699999999999999432e+02 6.118338129845238882e+01
-4.659999999999998863e+02 6.112939529800581795e+01
-4.619999999999999432e+02 6.113225520138939828e+01
-4.579999999999999432e+02 6.118051001714474069e+01
-4.539999999999998863e+02 6.126310771385817588e+01
-4.499999999999999432e+02 6.137045599076031976e+01
-4.459999999999999432e+02 6.149473096449253262e+01
-4.419999999999998863e+02 6.162970593242613404e+01
-4.379999999999999432e+02 6.177039381268900797e+01
-4.339999999999999432e+02 6.191270767806639697e+01
-4.299999999999998863e+02 6.205321873893660722e+01
-4.259999999999999432e+02 6.218941429440280899e+01
-4.219999999999999432e+02 6.231915355506299647e+01
-4.179999999999999432e+02 6.244068145883159104e+01
-4.139999999999999432e+02 6.255286539048535133e+01
-4.099999999999999432e+02 6.265519822387091153e+01
-4.059999999999998863e+02 6.274773348421865649e+01
-4.019999999999999432e+02 6.283096011628089173e+01
-3.979999999999999432e+02 6.290564213538999638e+01
-3.939999999999999432e+02 6.297265525333199321e+01
-3.899999999999999432e+02 6.303284865591967900e+01
-3.859999999999999432e+02 6.308694921292487834e+01
-3.819999999999998863e+02 6.313551263150526438e+01
-3.779999999999999432e+02 6.317891571414588725e+01
-3.739999999999999432e+02 6.321737801686998637e+01
-3.699999999999999432e+02 6.325099989636061082e+01
-3.659999999999999432e+02 6.327980576925631340e+01
-3.619999999999999432e+02 6.330378482979028831e+01
-3.579999999999998863e+02 6.332292492847557241e+01
-3.539999999999998863e+02 6.333723816815637520e+01
-3.499999999999999432e+02 6.334677857097034348e+01
-3.459999999999999432e+02 6.335165302255694542e+01
-3.419999999999998863e+02 6.335202686982569276e+01
-3.379999999999999432e+02 6.334812529898658795e+01
-3.339999999999998863e+02 6.334023134267442856e+01
-3.299999999999998863e+02 6.332868100815267098e+01
-3.259999999999999432e+02 6.331385595005525602e+01
-3.219999999999999432e+02 6.329617406037527871e+01
-3.179999999999998863e+02 6.327607849167253562e+01
-3.139999999999999432e+02 6.325402568553545279e+01
-3.099999999999998863e+02 6.323047311721347796e+01
-3.059999999999998863e+02 6.320586740105483159e+01
-3.019999999999999432e+02 6.318063333949822891e+01
-2.979999999999999432e+02 6.315516435322956568e+01
-2.939999999999999432e+02 6.312981456122605550e+01
-2.899999999999999432e+02 6.310489261858202781e+01
-2.859999999999998863e+02 6.308065731045633129e+01
-2.819999999999998863e+02 6.305731483287252104e+01
-2.779999999999999432e+02 6.303501768032714381e+01
-2.739999999999999432e+02 6.301386506411643040e+01
-2.699999999999999432e+02 6.299390484672909452e+01
-2.659999999999999432e+02 6.297513694307883725e+01
-2.619999999999998863e+02 6.295751817216978452e+01
-2.579999999999998863e+02 6.294096849745000100e+01
-2.539999999999999147e+02 6.292537848696963465e+01
-2.499999999999999432e+02 6.291061780720173147e+01
-2.459999999999998863e+02 6.289654440412726899e+01
-2.419999999999999147e+02 6.288301396088644424e+01
-2.379999999999999432e+02 6.286988917828347212e+01
-2.339999999999998863e+02 6.285704835032117899e+01
-2.299999999999999147e+02 6.284439277442754701e+01
-2.259999999999999432e+02 6.283185252095523765e+01
-2.219999999999998863e+02 6.281939020893457837e+01
-2.179999999999999147e+02 6.280700257998728375e+01
-2.139999999999999432e+02 6.279471972762075893e+01
-2.099999999999998863e+02 6.278260204936117361e+01
-2.059999999999999147e+02 6.277073509233355253e+01
-2.019999999999999432e+02 6.275922262167210874e+01
-1.979999999999998863e+02 6.274817829532435098e+01
-1.939999999999999147e+02 6.273771644649593782e+01
-1.899999999999999147e+02 6.272794251915570385e+01
-1.859999999999998863e+02 6.271894370244632455e+01
-1.819999999999999147e+02 6.271078028990035591e+01
-1.779999999999999147e+02 6.270347832099213292e+01
-1.739999999999998863e+02 6.269702393926655759e+01
-1.699999999999999147e+02 6.269135992343780117e+01
-1.659999999999999147e+02 6.268638474260887961e+01
-1.619999999999998863e+02 6.268195444287363216e+01
-1.579999999999999147e+02 6.267788762774347333e+01
-1.539999999999999147e+02 6.267397363113462916e+01
-1.499999999999998863e+02 6.266998394189732835e+01
-1.459999999999999147e+02 6.266568677289251355e+01
-1.419999999999999147e+02 6.266086451356716225e+01
-1.379999999999998863e+02 6.265533360105098382e+01
-1.339999999999999147e+02 6.264896614633238414e+01
-1.299999999999999147e+02 6.264171244630136925e+01
-1.259999999999998863e+02 6.263362326988959694e+01
-1.219999999999999005e+02 6.262487056926613604e+01
-1.179999999999999147e+02 6.261576505512482527e+01
-1.139999999999998863e+02 6.260676880286672485e+01
-1.099999999999999005e+02 6.259850075487116783e+01
-1.059999999999999147e+02 6.259173277389822942e+01
-1.019999999999999289e+02 6.258737360561696050e+01
-9.799999999999990052e+01 6.258643808107933637e+01
-9.399999999999991473e+01 6.258999902207591504e+01
-8.999999999999992895e+01 6.259911996497226028e+01
-8.599999999999990052e+01 6.261476799604014332e+01
-8.199999999999991473e+01 6.263770799775170417e+01
-7.799999999999992895e+01 6.266838231900476330e+01
-7.399999999999990052e+01 6.270678326821763449e+01
-6.999999999999991473e+01 6.275232957827643077e+01
-6.599999999999992895e+01 6.280376132407661771e+01
-6.199999999999989342e+01 6.285907000307975068e+01
-5.799999999999990763e+01 6.291548068778052993e+01
-5.399999999999992895e+01 6.296950066069706509e+01
-4.999999999999989342e+01 6.301704384543921833e+01
-4.599999999999990763e+01 6.305363337469242424e+01
-4.199999999999992895e+01 6.307467774306951469e+01
-3.799999999999989342e+01 6.307581140066150738e+01
-3.399999999999990763e+01 6.305329043356681495e+01
-2.999999999999992539e+01 6.300443850628340670e+01
-2.599999999999988987e+01 6.292814535555947941e+01
-2.199999999999990408e+01 6.282542540064679315e+01
-1.799999999999986855e+01 6.270004123972097432e+01
-1.399999999999988631e+01 6.255918107816546581e+01
-9.999999999999904077e+00 6.241414838034313561e+01
-5.999999999999920952e+00 6.228097700677602688e+01
-1.999999999999938494e+00 6.218082699609817610e+01
2.000000000000150102e+00 6.213994315890607822e+01
6.000000000000133227e+00 6.218886794339567814e+01
1.000000000000011546e+01 6.236050025637143790e+01
1.400000000000009948e+01 6.268652425942582340e+01
1.800000000000008171e+01 6.319179406181302738e+01
2.200000000000006395e+01 6.388659863621040813e+01
2.600000000000004619e+01 6.475747430320319609e+01
3.000000000000013500e+01 6.575833963746509880e+01
3.400000000000012079e+01 6.681751142848338532e+01
3.800000000000009948e+01 6.779195819238606191e+01
4.200000000000008527e+01 6.852466176908018269e+01
4.600000000000007105e+01 6.886039465315394636e+01
5.000000000000004974e+01 6.865707553330832980e+01
5.400000000000014211e+01 6.779332573139976148e+01
5.800000000000012079e+01 6.616116964302347014e+01
6.200000000000010658e+01 6.370749022136459416e+01
