-4.979999999999999432e+02 6.913615643119169363e+01
-4.939999999999999432e+02 6.833873349218418980e+01
-4.899999999999999432e+02 6.789203994458273428e+01
-4.859999999999998863e+02 6.761597684284902243e+01
-4.819999999999998863e+02 6.745747403749777504e+01
-4.779999999999998863e+02 6.739426003060765424e+01
-4.739999999999999432e+02 6.741045918708601903e+01
-4.699999999999999432e+02 6.749001829525610674e+01
-4.659999999999998863e+02 6.761616147055229931e+01
-4.619999999999999432e+02 6.777268422378062951e+01
-4.579999999999999432e+02 6.794528316267241053e+01
-4.539999999999998863e+02 6.812231385793467098e+01
-4.499999999999999432e+02 6.829496676518073173e+01
-4.459999999999999432e+02 6.845705740018274810e+01
-4.419999999999998863e+02 6.860463189089534808e+01
-4.379999999999999432e+02 6.873552645988866061e+01
-4.339999999999999432e+02 6.884895495479719330e+01
-4.299999999999998863e+02 6.894515307560158135e+01
-4.259999999999999432e+02 6.902508233920690373e+01
-4.219999999999999432e+02 6.909018622251011266e+01
-4.179999999999999432e+02 6.914218929243810408e+01
-4.139999999999999432e+02 6.918293265266373737e+01
-4.099999999999999432e+02 6.921424248600948204e+01
-4.059999999999998863e+02 6.923783055433062827e+01
-4.019999999999999432e+02 6.925522603980493841e+01
-3.979999999999999432e+02 6.926773697378064298e+01
-3.939999999999999432e+02 6.927643780714015520e+01
-3.899999999999999432e+02 6.928217802047691976e+01
-3.859999999999999432e+02 6.928560572507569759e+01
-3.819999999999998863e+02 6.928720015711655833e+01
-3.779999999999999432e+02 6.928730759542804662e+01
-3.739999999999999432e+02 6.928617639265678463e+01
-3.699999999999999432e+02 6.928398816068096266e+01
-3.659999999999999432e+02 6.928088335299969458e+01
-3.619999999999999432e+02 6.927698059977569756e+01
-3.579999999999998863e+02 6.927238996429611007e+01
-3.539999999999998863e+02 6.926722078358216095e+01
-3.499999999999999432e+02 6.926158505018076994e+01
-3.459999999999999432e+02 6.925559745385083943e+01
-3.419999999999998863e+02 6.924937318327494040e+01
-3.379999999999999432e+02 6.924302444851076643e+01
-3.339999999999998863e+02 6.923665657421622655e+01
-3.299999999999998863e+02 6.923036430972837252e+01
-3.259999999999999432e+02 6.922422881057457289e+01
-3.219999999999999432e+02 6.921831556436501387e+01
-3.179999999999998863e+02 6.921267335769442752e+01
-3.139999999999999432e+02 6.920733427403956739e+01
-3.099999999999998863e+02 6.920231458587574025e+01
-3.059999999999998863e+02 6.919761637390632814e+01
-3.019999999999999432e+02 6.919322963967903206e+01
-2.979999999999999432e+02 6.918913470257962217e+01
-2.939999999999999432e+02 6.918530469006071826e+01
-2.899999999999999432e+02 6.918170793012143349e+01
-2.859999999999998863e+02 6.917831012566455229e+01
-2.819999999999998863e+02 6.917507621769567550e+01
-2.779999999999999432e+02 6.917197188798343177e+01
-2.739999999999999432e+02 6.916896465594004439e+01
-2.699999999999999432e+02 6.916602460903175142e+01
-2.659999999999999432e+02 6.916312478027572297e+01
-2.619999999999998863e+02 6.916024121108648615e+01
-2.579999999999998863e+02 6.915735277115982171e+01
-2.539999999999999147e+02 6.915444078547892559e+01
-2.499999999999999432e+02 6.915148852964352955e+01
-2.459999999999998863e+02 6.914848066941931393e+01
-2.419999999999999147e+02 6.914540266754971753e+01
-2.379999999999999432e+02 6.914224024308634853e+01
-2.339999999999998863e+02 6.913897889945218367e+01
-2.299999999999999147e+02 6.913560356617733760e+01
-2.259999999999999432e+02 6.913209837680733472e+01
-2.219999999999998863e+02 6.912844658468645775e+01
-2.179999999999999147e+02 6.912463062924842916e+01
-2.139999999999999432e+02 6.912063234290434366e+01
-2.099999999999998863e+02 6.911643327195736219e+01
-2.059999999999999147e+02 6.911201508964308005e+01
-2.019999999999999432e+02 6.910736006151637412e+01
-1.979999999999998863e+02 6.910245150668293945e+01
-1.939999999999999147e+02 6.909727420030827716e+01
-1.899999999999999147e+02 6.909181466217825118e+01
-1.859999999999998863e+02 6.908606127269297303e+01
-1.819999999999999147e+02 6.908000414332332184e+01
-1.779999999999999147e+02 6.907363470475274880e+01
-1.739999999999998863e+02 6.906694496089602353e+01
-1.699999999999999147e+02 6.905992640824734963e+01
-1.659999999999999147e+02 6.905256865063915939e+01
-1.619999999999998863e+02 6.904485771355211909e+01
-1.579999999999999147e+02 6.903677420455153424e+01
-1.539999999999999147e+02 6.902829145205669192e+01
-1.499999999999998863e+02 6.901937379065373079e+01
-1.459999999999999147e+02 6.900997524396331073e+01
-1.419999999999999147e+02 6.900003887368865207e+01
-1.379999999999998863e+02 6.898949707767735617e+01
-1.339999999999999147e+02 6.897827310931893408e+01
-1.299999999999999147e+02 6.896628405595521372e+01
-1.259999999999998863e+02 6.895344543616062083e+01
-1.219999999999999005e+02 6.893967741513728242e+01
-1.179999999999999147e+02 6.892491251405402863e+01
-1.139999999999998863e+02 6.890910442222337906e+01
-1.099999999999999005e+02 6.889223728095606702e+01
-1.059999999999999147e+02 6.887433454524011722e+01
-1.019999999999999289e+02 6.885546624573476038e+01
-9.799999999999990052e+01 6.883575320482628968e+01
-9.399999999999991473e+01 6.881536660604479039e+01
-8.999999999999992895e+01 6.879452125056872092e+01
-8.599999999999990052e+01 6.877346089458512779e+01
-8.199999999999991473e+01 6.875243435375580248e+01
-7.799999999999992895e+01 6.873166167218232658e+01
-7.399999999999990052e+01 6.871129042007305543e+01
-6.999999999999991473e+01 6.869134343722328140e+01
-6.599999999999992895e+01 6.867166085131322006e+01
-6.199999999999989342e+01 6.865184095393522057e+01
-5.799999999999990763e+01 6.863118651859770125e+01
-5.399999999999992895e+01 6.860866496618365318e+01
-4.999999999999989342e+01 6.858289227022174828e+01
-4.599999999999990763e+01 6.855215123086276208e+01
-4.199999999999992895e+01 6.851445419758562139e+01
-3.799999999999989342e+01 6.846765825349956458e+01
-3.399999999999990763e+01 6.840963710486727223e+01
-2.999999999999992539e+01 6.833850838450609899e+01
-2.599999999999988987e+01 6.825290853803539903e+01
-2.199999999999990408e+01 6.815230028907734550e+01
-1.799999999999986855e+01 6.803729102866515177e+01
-1.399999999999988631e+01 6.790993488062599681e+01
-9.999999999999904077e+00 6.777398665174280268e+01
-5.999999999999920952e+00 6.763507174448432124e+01
-1.999999999999938494e+00 6.750073015474987415e+01
2.000000000000150102e+00 6.738028239012504628e+01
6.000000000000133227e+00 6.728444809743172073e+01
1.000000000000011546e+01 6.722462461224012031e+01
1.400000000000009948e+01 6.721170979171461113e+01
1.800000000000008171e+01 6.725434906419570780e+01
2.200000000000006395e+01 6.735653017461032732e+01
2.600000000000004619e+01 6.751457338754715920e+01
3.000000000000013500e+01 6.771378739838422689e+01
3.400000000000012079e+01 6.792535984095189860e+01
3.800000000000009948e+01 6.810435759007799561e+01
4.200000000000008527e+01 6.818993106456332498e+01
4.600000000000007105e+01 6.810884053996397824e+01
5.000000000000004974e+01 6.778301425004661951e+01
5.400000000000014211e+01 6.714023970262638841e+01
5.800000000000012079e+01 6.612231225661531653e+01
6.200000000000010658e+01 6.470435646575049304e+01
6.600000000000008527e+01 6.292546668448238734e+01
