-4.979999999999999432e+02 7.131488746439316628e+01
-4.939999999999999432e+02 7.057901443216672988e+01
-4.899999999999999432e+02 7.018960573437186667e+01
-4.859999999999998863e+02 6.998004128261413825e+01
-4.819999999999998863e+02 6.990018241516861508e+01
-4.779999999999998863e+02 6.992415753270597634e+01
-4.739999999999999432e+02 7.003314145588012707e+01
-4.699999999999999432e+02 7.020669504083372203e+01
-4.659999999999998863e+02 7.042429963204887144e+01
-4.619999999999999432e+02 7.066791115057122852e+01
-4.579999999999999432e+02 7.092267040129235056e+01
-4.539999999999998863e+02 7.117717835326283193e+01
-4.499999999999999432e+02 7.142323426158264965e+01
-4.459999999999999432e+02 7.165533190561774290e+01
-4.419999999999998863e+02 7.187011011011776418e+01
-4.379999999999999432e+02 7.206585345121612818e+01
-4.339999999999999432e+02 7.224207418713115203e+01
-4.299999999999998863e+02 7.239917411206317865e+01
-4.259999999999999432e+02 7.253817322577896221e+01
-4.219999999999999432e+02 7.266049112355614170e+01
-4.179999999999999432e+02 7.276777032664989520e+01
-4.139999999999999432e+02 7.286173487149534367e+01
-4.099999999999999432e+02 7.294408062762840927e+01
-4.059999999999998863e+02 7.301639516075147185e+01
-4.019999999999999432e+02 7.308010517688177288e+01
-3.979999999999999432e+02 7.313644865585916932e+01
-3.939999999999999432e+02 7.318646775571875196e+01
-3.899999999999999432e+02 7.323101779766028585e+01
-3.859999999999999432e+02 7.327078726359860639e+01
-3.819999999999998863e+02 7.330632405064102386e+01
-3.779999999999999432e+02 7.333806383931107575e+01
-3.739999999999999432e+02 7.336635740665860794e+01
-3.699999999999999432e+02 7.339149471982278783e+01
-3.659999999999999432e+02 7.341372455601742786e+01
-3.619999999999999432e+02 7.343326926440403213e+01
-3.579999999999998863e+02 7.345033481610710169e+01
-3.539999999999998863e+02 7.346511672382121105e+01
-3.499999999999999432e+02 7.347780267871428350e+01
-3.459999999999999432e+02 7.348857278437020568e+01
-3.419999999999998863e+02 7.349759825113056877e+01
-3.379999999999999432e+02 7.350503934889826496e+01
-3.339999999999998863e+02 7.351104321319712653e+01
-3.299999999999998863e+02 7.351574201599493108e+01
-3.259999999999999432e+02 7.351925167775675618e+01
-3.219999999999999432e+02 7.352167136530181324e+01
-3.179999999999998863e+02 7.352308370980409791e+01
-3.139999999999999432e+02 7.352355568224925264e+01
-3.099999999999998863e+02 7.352313999980196968e+01
-3.059999999999998863e+02 7.352187687485940160e+01
-3.019999999999999432e+02 7.351979594392446415e+01
-2.979999999999999432e+02 7.351691821683238004e+01
-2.939999999999999432e+02 7.351325796525418355e+01
-2.899999999999999432e+02 7.350882439126257850e+01
-2.859999999999998863e+02 7.350362307237213599e+01
-2.819999999999998863e+02 7.349765711769964582e+01
-2.779999999999999432e+02 7.349092806903269093e+01
-2.739999999999999432e+02 7.348343651788536590e+01
-2.699999999999999432e+02 7.347518250587211242e+01
-2.659999999999999432e+02 7.346616571387050953e+01
-2.619999999999998863e+02 7.345638549681336826e+01
-2.579999999999998863e+02 7.344584077234463848e+01
-2.539999999999999147e+02 7.343452984044114373e+01
-2.499999999999999432e+02 7.342245011576284242e+01
-2.459999999999998863e+02 7.340959783028512220e+01
-2.419999999999999147e+02 7.339596774916191180e+01
-2.379999999999999432e+02 7.338155288846212443e+01
-2.339999999999998863e+02 7.336634426530173414e+01
-2.299999999999999147e+02 7.335033071231197255e+01
-2.259999999999999432e+02 7.333349873475282266e+01
-2.219999999999998863e+02 7.331583246730025394e+01
-2.179999999999999147e+02 7.329731369497056903e+01
-2.139999999999999432e+02 7.327792196975639172e+01
-2.099999999999998863e+02 7.325763479492428587e+01
-2.059999999999999147e+02 7.323642787802765497e+01
-2.019999999999999432e+02 7.321427545266817560e+01
-1.979999999999998863e+02 7.319115062306906339e+01
-1.939999999999999147e+02 7.316702571013667011e+01
-1.899999999999999147e+02 7.314187259559076892e+01
-1.859999999999998863e+02 7.311566298989708912e+01
-1.819999999999999147e+02 7.308836860151183146e+01
-1.779999999999999147e+02 7.305996118847900789e+01
-1.739999999999998863e+02 7.303041239212149094e+01
-1.699999999999999147e+02 7.299969337544456494e+01
-1.659999999999999147e+02 7.296777422030231719e+01
-1.619999999999998863e+02 7.293462306284715169e+01
-1.579999999999999147e+02 7.290020498328823351e+01
-1.539999999999999147e+02 7.286448067443097898e+01
-1.499999999999998863e+02 7.282740498858152023e+01
-1.459999999999999147e+02 7.278892543494794154e+01
-1.419999999999999147e+02 7.274898078552712377e+01
-1.379999999999998863e+02 7.270749999392296559e+01
-1.339999999999999147e+02 7.266440160639024270e+01
-1.299999999999999147e+02 7.261959391294095667e+01
-1.259999999999998863e+02 7.257297606755730612e+01
-1.219999999999999005e+02 7.252444036139502259e+01
-1.179999999999999147e+02 7.247387576059958292e+01
-1.139999999999998863e+02 7.242117272409296902e+01
-1.099999999999999005e+02 7.236622912824725518e+01
-1.059999999999999147e+02 7.230895695960981584e+01
-1.019999999999999289e+02 7.224928917971885767e+01
-9.799999999999990052e+01 7.218718594778249553e+01
-9.399999999999991473e+01 7.212263910844615111e+01
-8.999999999999992895e+01 7.205567369056592497e+01
-8.599999999999990052e+01 7.198634504914974741e+01
-8.199999999999991473e+01 7.191473025582268974e+01
-7.799999999999992895e+01 7.184091253431569157e+01
-7.399999999999990052e+01 7.176495793449561234e+01
-6.999999999999991473e+01 7.168688404958788851e+01
-6.599999999999992895e+01 7.160662149571857071e+01
-6.199999999999989342e+01 7.152397009314285015e+01
-5.799999999999990763e+01 7.143855309302796286e+01
-5.399999999999992895e+01 7.134977440544696492e+01
-4.999999999999989342e+01 7.125678532734144710e+01
-4.599999999999990763e+01 7.115846862097362191e+01
-4.199999999999992895e+01 7.105344848475186836e+01
-3.799999999999989342e+01 7.094013479055718108e+01
-3.399999999999990763e+01 7.081680841247145963e+01
-2.999999999999992539e+01 7.068175145840058349e+01
-2.599999999999988987e+01 7.053342169107031623e+01
-2.199999999999990408e+01 7.037066487184500829e+01
-1.799999999999986855e+01 7.019295250509480866e+01
-1.399999999999988631e+01 7.000062693611255327e+01
-9.999999999999904077e+00 6.979518184306317607e+01
-5.999999999999920952e+00 6.958092832234603975e+01
-1.999999999999938494e+00 6.936235164327320035e+01
2.000000000000150102e+00 6.914526199697468201e+01
6.000000000000133227e+00 6.893656305812430674e+01
1.000000000000011546e+01 6.874380559995751128e+01
1.400000000000009948e+01 6.857447417910333343e+01
1.800000000000008171e+01 6.843494283428424296e+01
2.200000000000006395e+01 6.832903911980520206e+01
2.600000000000004619e+01 6.825619452487291028e+01
3.000000000000013500e+01 6.820925831345698498e+01
3.400000000000012079e+01 6.817222429185824240e+01
3.800000000000009948e+01 6.811834848968379674e+01
4.200000000000008527e+01 6.800935581202634239e+01
4.600000000000007105e+01 6.779652440890879461e+01
5.000000000000004974e+01 6.742416984082797171e+01
5.400000000000014211e+01 6.683489611146853804e+01
5.800000000000012079e+01 6.597253597307150130e+01
6.200000000000010658e+01 6.480886219145037330e+01
6.600000000000008527e+01 6.335235975788947371e+01
