-4.979999999999999432e+02 6.428824942730187786e+01
-4.939999999999999432e+02 6.331412356397800067e+01
-4.899999999999999432e+02 6.272943726893907979e+01
-4.859999999999998863e+02 6.231338467028535888e+01
-4.819999999999998863e+02 6.200231492845307457e+01
-4.779999999999998863e+02 6.177845868704861232e+01
-4.739999999999999432e+02 6.163279584209101358e+01
-4.699999999999999432e+02 6.156025846522760503e+01
-4.659999999999998863e+02 6.155270316895939686e+01
-4.619999999999999432e+02 6.159924895273110224e+01
-4.579999999999999432e+02 6.168798731022786797e+01
-4.539999999999998863e+02 6.180759694923403913e+01
-4.499999999999999432e+02 6.194830508831915949e+01
-4.459999999999999432e+02 6.210170590030980975e+01
-4.419999999999998863e+02 6.226207566212633537e+01
-4.379999999999999432e+02 6.242510130061953078e+01
-4.339999999999999432e+02 6.258720610715266730e+01
-4.299999999999998863e+02 6.274558210160381577e+01
-4.259999999999999432e+02 6.289804865480141416e+01
-4.219999999999999432e+02 6.304298785524110826e+01
-4.179999999999999432e+02 6.317931572585860067e+01
-4.139999999999999432e+02 6.330645131208427756e+01
-4.099999999999999432e+02 6.342425907649430883e+01
-4.059999999999998863e+02 6.353295771288492233e+01
-4.019999999999999432e+02 6.363300406999962888e+01
-3.979999999999999432e+02 6.372497014880394772e+01
-3.939999999999999432e+02 6.380943282733380784e+01
-3.899999999999999432e+02 6.388689128104334713e+01
-3.859999999999999432e+02 6.395771922276412624e+01
-3.819999999999998863e+02 6.402215108143690259e+01
-3.779999999999999432e+02 6.408029556618492961e+01
-3.739999999999999432e+02 6.413216728174239734e+01
-3.699999999999999432e+02 6.417772692815361779e+01
-3.659999999999999432e+02 6.421692226359681399e+01
-3.619999999999999432e+02 6.424972439120818990e+01
-3.579999999999998863e+02 6.427615624305906294e+01
-3.539999999999998863e+02 6.429631207588676034e+01
-3.499999999999999432e+02 6.431036817932601934e+01
-3.459999999999999432e+02 6.431858564679464507e+01
-3.419999999999998863e+02 6.432130652178375385e+01
-3.379999999999999432e+02 6.431894473379918509e+01
-3.339999999999998863e+02 6.431197321402862599e+01
-3.299999999999998863e+02 6.430090851366134075e+01
-3.259999999999999432e+02 6.428629415368880018e+01
-3.219999999999999432e+02 6.426868386829011115e+01
-3.179999999999998863e+02 6.424862569701122084e+01
-3.139999999999999432e+02 6.422664778094497251e+01
-3.099999999999998863e+02 6.420324640719263698e+01
-3.059999999999998863e+02 6.417887666652404732e+01
-3.019999999999999432e+02 6.415394587354552414e+01
-2.979999999999999432e+02 6.412880959033230965e+01
-2.939999999999999432e+02 6.410376996209782874e+01
-2.899999999999999432e+02 6.407907604428589821e+01
-2.859999999999998863e+02 6.405492564785481591e+01
-2.819999999999998863e+02 6.403146832432446445e+01
-2.779999999999999432e+02 6.400880913007415529e+01
-2.739999999999999432e+02 6.398701292337341329e+01
-2.699999999999999432e+02 6.396610897584764643e+01
-2.659999999999999432e+02 6.394609581755833005e+01
-2.619999999999998863e+02 6.392694624378862045e+01
-2.579999999999998863e+02 6.390861242306681334e+01
-2.539999999999999147e+02 6.389103107835569517e+01
-2.499999999999999432e+02 6.387412869830376394e+01
-2.459999999999998863e+02 6.385782665427240090e+01
-2.419999999999999147e+02 6.384204615475488254e+01
-2.379999999999999432e+02 6.382671284191724226e+01
-2.339999999999998863e+02 6.381176091669294692e+01
-2.299999999999999147e+02 6.379713659891552879e+01
-2.259999999999999432e+02 6.378280077830567052e+01
-2.219999999999998863e+02 6.376873071436398277e+01
-2.179999999999999147e+02 6.375492072379171304e+01
-2.139999999999999432e+02 6.374138181217614374e+01
-2.099999999999998863e+02 6.372814025762050960e+01
-2.059999999999999147e+02 6.371523520231420434e+01
-2.019999999999999432e+02 6.370271539340728850e+01
-1.979999999999998863e+02 6.369063523419964667e+01
-1.939999999999999147e+02 6.367905026806033675e+01
-1.899999999999999147e+02 6.366801237330525964e+01
-1.859999999999998863e+02 6.365756485253956498e+01
-1.819999999999999147e+02 6.364773765286810203e+01
-1.779999999999999147e+02 6.363854296082485007e+01
-1.739999999999998863e+02 6.362997139942308422e+01
-1.699999999999999147e+02 6.362198909885557896e+01
-1.659999999999999147e+02 6.361453592157187131e+01
-1.619999999999998863e+02 6.360752508895689061e+01
-1.579999999999999147e+02 6.360084455171244144e+01
-1.539999999999999147e+02 6.359436035132949883e+01
-1.499999999999998863e+02 6.358792223698287671e+01
-1.459999999999999147e+02 6.358137173759371308e+01
-1.419999999999999147e+02 6.357455276019044277e+01
-1.379999999999998863e+02 6.356732464372811364e+01
-1.339999999999999147e+02 6.355957743046610631e+01
-1.299999999999999147e+02 6.355124887140601686e+01
-1.259999999999998863e+02 6.354234242188567805e+01
-1.219999999999999005e+02 6.353294520274710067e+01
-1.179999999999999147e+02 6.352324455333337028e+01
-1.139999999999998863e+02 6.351354157788460952e+01
-1.099999999999999005e+02 6.350425975587847915e+01
-1.059999999999999147e+02 6.349594634534105353e+01
-1.019999999999999289e+02 6.348926423069184466e+01
-9.799999999999990052e+01 6.348497169899331993e+01
-9.399999999999991473e+01 6.348388782936478947e+01
-8.999999999999992895e+01 6.348684161907794987e+01
-8.599999999999990052e+01 6.349460394287098097e+01
-8.199999999999991473e+01 6.350780286700978650e+01
-7.799999999999992895e+01 6.352682499605515432e+01
-7.399999999999990052e+01 6.355170820228357798e+01
-6.999999999999991473e+01 6.358203406733827023e+01
-6.599999999999992895e+01 6.361683145255318550e+01
-6.199999999999989342e+01 6.365450503697496742e+01
-5.799999999999990763e+01 6.369280389359272476e+01
-5.399999999999992895e+01 6.372884455721845143e+01
-4.999999999999989342e+01 6.375920026004274632e+01
-4.599999999999990763e+01 6.378006330148650704e+01
-4.199999999999992895e+01 6.378748178660060830e+01
-3.799999999999989342e+01 6.377766635214391044e+01
-3.399999999999990763e+01 6.374735887788006039e+01
-2.999999999999992539e+01 6.369425412098502193e+01
-2.599999999999988987e+01 6.361746652330072038e+01
-2.199999999999990408e+01 6.351803582279313787e+01
-1.799999999999986855e+01 6.339946312804124773e+01
-1.399999999999988631e+01 6.326825979774019970e+01
-9.999999999999904077e+00 6.313447185606111134e+01
-5.999999999999920952e+00 6.301211117980693643e+01
-1.999999999999938494e+00 6.291938004403561990e+01
2.000000000000150102e+00 6.287851604742769496e+01
6.000000000000133227e+00 6.291501040669845679e+01
1.000000000000011546e+01 6.305587639449612425e+01
1.400000000000009948e+01 6.332660563303255685e+01
1.800000000000008171e+01 6.374652377851788287e+01
2.200000000000006395e+01 6.432253884487198548e+01
2.600000000000004619e+01 6.504181694708285022e+01
3.000000000000013500e+01 6.586464336777413564e+01
3.400000000000012079e+01 6.672637258383542758e+01
3.800000000000009948e+01 6.750690443120407735e+01
4.200000000000008527e+01 6.807302807017953228e+01
4.600000000000007105e+01 6.828482011540785379e+01
5.000000000000004974e+01 6.800764680958218378e+01
5.400000000000014211e+01 6.712246655819194530e+01
5.800000000000012079e+01 6.552813562264788061e+01
6.200000000000010658e+01 6.318833914181220734e+01
