-4.979999999999999432e+02 6.434557519074354559e+01
-4.939999999999999432e+02 6.339673206229457492e+01
-4.899999999999999432e+02 6.283041695424253703e+01
-4.859999999999998863e+02 6.243218903569817257e+01
-4.819999999999998863e+02 6.214025972486501814e+01
-4.779999999999998863e+02 6.193596496402926732e+01
-4.739999999999999432e+02 6.181167940141722283e+01
-4.699999999999999432e+02 6.176040129645207344e+01
-4.659999999999998863e+02 6.177326256472355226e+01
-4.619999999999999432e+02 6.183894866908661925e+01
-4.579999999999999432e+02 6.194534336627799576e+01
-4.539999999999998863e+02 6.208062546552827143e+01
-4.499999999999999432e+02 6.223507162541915250e+01
-4.459999999999999432e+02 6.240131529548290246e+01
-4.419999999999998863e+02 6.257345647840207903e+01
-4.379999999999999432e+02 6.274699103125431066e+01
-4.339999999999999432e+02 6.291848542949566081e+01
-4.299999999999998863e+02 6.308532934560679450e+01
-4.259999999999999432e+02 6.324557734693235034e+01
-4.219999999999999432e+02 6.339785746112573861e+01
-4.179999999999999432e+02 6.354131220174724604e+01
-4.139999999999999432e+02 6.367554083226553985e+01
-4.099999999999999432e+02 6.380052388720952194e+01
-4.059999999999998863e+02 6.391652589550096764e+01
-4.019999999999999432e+02 6.402398472342702007e+01
-3.979999999999999432e+02 6.412340263374539973e+01
-3.939999999999999432e+02 6.421525443643537301e+01
-3.899999999999999432e+02 6.429992349363379844e+01
-3.859999999999999432e+02 6.437766960291452278e+01
-3.819999999999998863e+02 6.444862643002318237e+01
-3.779999999999999432e+02 6.451282178894780373e+01
-3.739999999999999432e+02 6.457021219944624590e+01
-3.699999999999999432e+02 6.462072339085750627e+01
-3.659999999999999432e+02 6.466428995718973738e+01
-3.619999999999999432e+02 6.470088945259243474e+01
-3.579999999999998863e+02 6.473056827056734619e+01
-3.539999999999998863e+02 6.475345829081885540e+01
-3.499999999999999432e+02 6.476978447716629717e+01
-3.459999999999999432e+02 6.477986437459333047e+01
-3.419999999999998863e+02 6.478410084745627273e+01
-3.379999999999999432e+02 6.478296958099804215e+01
-3.339999999999998863e+02 6.477700294551237903e+01
-3.299999999999998863e+02 6.476677174838522433e+01
-3.259999999999999432e+02 6.475286630727265447e+01
-3.219999999999999432e+02 6.473587812240475614e+01
-3.179999999999998863e+02 6.471638318644136234e+01
-3.139999999999999432e+02 6.469492775440568266e+01
-3.099999999999998863e+02 6.467201704751329316e+01
-3.059999999999998863e+02 6.464810712099529155e+01
-3.019999999999999432e+02 6.462359983025828569e+01
-2.979999999999999432e+02 6.459884061344109796e+01
-2.939999999999999432e+02 6.457411868818962830e+01
-2.899999999999999432e+02 6.454966916449188830e+01
-2.859999999999998863e+02 6.452567653348813792e+01
-2.819999999999998863e+02 6.450227906616930795e+01
-2.779999999999999432e+02 6.447957372819263355e+01
-2.739999999999999432e+02 6.445762131851137156e+01
-2.699999999999999432e+02 6.443645160253237236e+01
-2.659999999999999432e+02 6.441606831341232464e+01
-2.619999999999998863e+02 6.439645397219720735e+01
-2.579999999999998863e+02 6.437757449767974549e+01
-2.539999999999999147e+02 6.435938359164964595e+01
-2.499999999999999432e+02 6.434182690980179586e+01
-2.459999999999998863e+02 6.432484600099178351e+01
-2.419999999999999147e+02 6.430838197476492724e+01
-2.379999999999999432e+02 6.429237883195315817e+01
-2.339999999999998863e+02 6.427678639196648192e+01
-2.299999999999999147e+02 6.426156274107876243e+01
-2.259999999999999432e+02 6.424667611289038405e+01
-2.219999999999998863e+02 6.423210615615334973e+01
-2.179999999999999147e+02 6.421784450271957212e+01
-2.139999999999999432e+02 6.420389463535713048e+01
-2.099999999999998863e+02 6.419027106044006814e+01
-2.059999999999999147e+02 6.417699780045080615e+01
-2.019999999999999432e+02 6.416410627011276802e+01
-1.979999999999998863e+02 6.415163262035622438e+01
-1.939999999999999147e+02 6.413961463481160763e+01
-1.899999999999999147e+02 6.412808830640170754e+01
-1.859999999999998863e+02 6.411708422203389546e+01
-1.819999999999999147e+02 6.410662388525906863e+01
-1.779999999999999147e+02 6.409671614070441592e+01
-1.739999999999998863e+02 6.408735389077554601e+01
-1.699999999999999147e+02 6.407851130674919204e+01
-1.659999999999999147e+02 6.407014176833928332e+01
-1.619999999999998863e+02 6.406217681380877593e+01
-1.579999999999999147e+02 6.405452640802764108e+01
-1.539999999999999147e+02 6.404708080843209927e+01
-1.499999999999998863e+02 6.403971436250554916e+01
-1.459999999999999147e+02 6.403229149026992673e+01
-1.419999999999999147e+02 6.402467503199039811e+01
-1.379999999999998863e+02 6.401673700332679573e+01
-1.339999999999999147e+02 6.400837162451620088e+01
-1.299999999999999147e+02 6.399951031142836655e+01
-1.259999999999998863e+02 6.399013798369350070e+01
-1.219999999999999005e+02 6.398030977953857246e+01
-1.179999999999999147e+02 6.397016698863848205e+01
-1.139999999999998863e+02 6.395995065584480699e+01
-1.099999999999999005e+02 6.395001100244184045e+01
-1.059999999999999147e+02 6.394081056657688578e+01
-1.019999999999999289e+02 6.393291876543804619e+01
-9.799999999999990052e+01 6.392699549069413933e+01
-9.399999999999991473e+01 6.392376150485364406e+01
-8.999999999999992895e+01 6.392395378941102990e+01
-8.599999999999990052e+01 6.392826486672788633e+01
-8.199999999999991473e+01 6.393726638426409181e+01
-7.799999999999992895e+01 6.395131916205758671e+01
-7.399999999999990052e+01 6.397047424276775018e+01
-6.999999999999991473e+01 6.399437227015806684e+01
-6.599999999999992895e+01 6.402215141414785649e+01
-6.199999999999989342e+01 6.405237648105548942e+01
-5.799999999999990763e+01 6.408300333740174892e+01
-5.399999999999992895e+01 6.411139276752186333e+01
-4.999999999999989342e+01 6.413438597592875112e+01
-4.599999999999990763e+01 6.414845004672315554e+01
-4.199999999999992895e+01 6.414989646690526115e+01
-3.799999999999989342e+01 6.413517028759889627e+01
-3.399999999999990763e+01 6.410120285908965343e+01
-2.999999999999992539e+01 6.404581831319660523e+01
-2.599999999999988987e+01 6.396818310189053136e+01
-2.199999999999990408e+01 6.386928766604944485e+01
-1.799999999999986855e+01 6.375244696006541290e+01
-1.399999999999988631e+01 6.362379894801995306e+01
-9.999999999999904077e+00 6.349276435676938490e+01
-5.999999999999920952e+00 6.337240490652362723e+01
-1.999999999999938494e+00 6.327957917422133960e+01
2.000000000000150102e+00 6.323474357424186110e+01
6.000000000000133227e+00 6.326118154307215491e+01
1.000000000000011546e+01 6.338337844376883368e+01
1.400000000000009948e+01 6.362422785844705686e+01
1.800000000000008171e+01 6.400082097404327897e+01
2.200000000000006395e+01 6.451881196822853326e+01
2.600000000000004619e+01 6.516580720600495624e+01
3.000000000000013500e+01 6.590482686692467951e+01
3.400000000000012079e+01 6.667435616098998707e+01
3.800000000000009948e+01 6.736411754508799277e+01
4.200000000000008527e+01 6.785034286161231876e+01
4.600000000000007105e+01 6.800017658218990846e+01
5.000000000000004974e+01 6.768363383781934317e+01
5.400000000000014211e+01 6.678441105348315432e+01
5.800000000000012079e+01 6.520744423265790601e+01
6.200000000000010658e+01 6.292444000234439727e+01
