-4.979999999999999432e+02 6.495031914378068905e+01
-4.939999999999999432e+02 6.410163648134272307e+01
-4.899999999999999432e+02 6.360830499513002678e+01
-4.859999999999998863e+02 6.328191226495994215e+01
-4.819999999999998863e+02 6.306839064088092073e+01
-4.779999999999998863e+02 6.294875127997079289e+01
-4.739999999999999432e+02 6.291243651751432253e+01
-4.699999999999999432e+02 6.294882750840304197e+01
-4.659999999999998863e+02 6.304550191369014556e+01
-4.619999999999999432e+02 6.318910493343474855e+01
-4.579999999999999432e+02 6.336676728111081047e+01
-4.539999999999998863e+02 6.356715708772327389e+01
-4.499999999999999432e+02 6.378095986650191662e+01
-4.459999999999999432e+02 6.400090659043166852e+01
-4.419999999999998863e+02 6.422154707461658063e+01
-4.379999999999999432e+02 6.443893061221444896e+01
-4.339999999999999432e+02 6.465029212001019232e+01
-4.299999999999998863e+02 6.485378688121380719e+01
-4.259999999999999432e+02 6.504828072045319232e+01
-4.219999999999999432e+02 6.523318433804121241e+01
-4.179999999999999432e+02 6.540831590228395953e+01
-4.139999999999999432e+02 6.557377972261332388e+01
-4.099999999999999432e+02 6.572985556258299766e+01
-4.059999999999998863e+02 6.587689965014999416e+01
-4.019999999999999432e+02 6.601528841787876445e+01
-3.979999999999999432e+02 6.614542157613306017e+01
-3.939999999999999432e+02 6.626721405527979414e+01
-3.899999999999999432e+02 6.638072980683256219e+01
-3.859999999999999432e+02 6.648594124568836605e+01
-3.819999999999998863e+02 6.658275253796415427e+01
-3.779999999999999432e+02 6.667103240458709479e+01
-3.739999999999999432e+02 6.675065068516386191e+01
-3.699999999999999432e+02 6.682151370696823278e+01
-3.659999999999999432e+02 6.688359469960721526e+01
-3.619999999999999432e+02 6.693695673663194157e+01
-3.579999999999998863e+02 6.698176700751560020e+01
-3.539999999999998863e+02 6.701830214645241313e+01
-3.499999999999999432e+02 6.704694521117147588e+01
-3.459999999999999432e+02 6.706817550087583868e+01
-3.419999999999998863e+02 6.708255274977534555e+01
-3.379999999999999432e+02 6.709069745560140063e+01
-3.339999999999998863e+02 6.709326922349703182e+01
-3.299999999999998863e+02 6.709094483288942001e+01
-3.259999999999999432e+02 6.708439748981180628e+01
-3.219999999999999432e+02 6.707427852862934969e+01
-3.179999999999998863e+02 6.706120233616434234e+01
-3.139999999999999432e+02 6.704573495743255762e+01
-3.099999999999998863e+02 6.702838651096436706e+01
-3.059999999999998863e+02 6.700960717299523139e+01
-3.019999999999999432e+02 6.698978635545853422e+01
-2.979999999999999432e+02 6.696925449197931357e+01
-2.939999999999999432e+02 6.694828680062232706e+01
-2.899999999999999432e+02 6.692710840729233723e+01
-2.859999999999998863e+02 6.690590023109285767e+01
-2.819999999999998863e+02 6.688480512893715968e+01
-2.779999999999999432e+02 6.686393391148084220e+01
-2.739999999999999432e+02 6.684337095399354212e+01
-2.699999999999999432e+02 6.682317919169696552e+01
-2.659999999999999432e+02 6.680340443076988777e+01
-2.619999999999998863e+02 6.678407892855295813e+01
-2.579999999999998863e+02 6.676522428827473732e+01
-2.539999999999999147e+02 6.674685376652911373e+01
-2.499999999999999432e+02 6.672897408111862205e+01
-2.459999999999998863e+02 6.671158680727211276e+01
-2.419999999999999147e+02 6.669468949299761107e+01
-2.379999999999999432e+02 6.667827657325989321e+01
-2.339999999999998863e+02 6.666234015707942717e+01
-2.299999999999999147e+02 6.664687077059511466e+01
-2.259999999999999432e+02 6.663185807733037791e+01
-2.219999999999998863e+02 6.661729158731878897e+01
-2.179999999999999147e+02 6.660316137047152552e+01
-2.139999999999999432e+02 6.658945875741159171e+01
-2.099999999999998863e+02 6.657617698863145961e+01
-2.059999999999999147e+02 6.656331178215998534e+01
-2.019999999999999432e+02 6.655086174915157926e+01
-1.979999999999998863e+02 6.653882859702957830e+01
-1.939999999999999147e+02 6.652721712444156310e+01
-1.899999999999999147e+02 6.651603487095997025e+01
-1.859999999999998863e+02 6.650529142764429480e+01
-1.819999999999999147e+02 6.649499735868232619e+01
-1.779999999999999147e+02 6.648516275043812129e+01
-1.739999999999998863e+02 6.647579538712039948e+01
-1.699999999999999147e+02 6.646689864110646795e+01
-1.659999999999999147e+02 6.645846916567234075e+01
-1.619999999999998863e+02 6.645049458704767176e+01
-1.579999999999999147e+02 6.644295138919653709e+01
-1.539999999999999147e+02 6.643580329710249543e+01
-1.499999999999998863e+02 6.642900046574072803e+01
-1.459999999999999147e+02 6.642247983678782930e+01
-1.419999999999999147e+02 6.641616697895869947e+01
-1.379999999999998863e+02 6.640997974800757220e+01
-1.339999999999999147e+02 6.640383399075506077e+01
-1.299999999999999147e+02 6.639765137503133019e+01
-1.259999999999998863e+02 6.639136929716687519e+01
-1.219999999999999005e+02 6.638495253353551107e+01
-1.179999999999999147e+02 6.637840606607636573e+01
-1.139999999999998863e+02 6.637178819814437247e+01
-1.099999999999999005e+02 6.636522270819864389e+01
-1.059999999999999147e+02 6.635890855778876585e+01
-1.019999999999999289e+02 6.635312532879015635e+01
-9.799999999999990052e+01 6.634823236585481254e+01
-9.399999999999991473e+01 6.634465947166359001e+01
-8.999999999999992895e+01 6.634288715243019396e+01
-8.599999999999990052e+01 6.634341464496441176e+01
-8.199999999999991473e+01 6.634671464801141383e+01
-7.799999999999992895e+01 6.635317476444851081e+01
-7.399999999999990052e+01 6.636302704165120758e+01
-6.999999999999991473e+01 6.637626910428343763e+01
-6.599999999999992895e+01 6.639258262201155958e+01
-6.199999999999989342e+01 6.641125745880987097e+01
-5.799999999999990763e+01 6.643113210619236497e+01
-5.399999999999992895e+01 6.645056296462365708e+01
-4.999999999999989342e+01 6.646743548822018965e+01
-4.599999999999990763e+01 6.647922941713255796e+01
-4.199999999999992895e+01 6.648314751406672940e+01
-3.799999999999989342e+01 6.647631282599962788e+01
-3.399999999999990763e+01 6.645603392784647667e+01
-2.999999999999992539e+01 6.642013176520947582e+01
-2.599999999999988987e+01 6.636731650681053907e+01
-2.199999999999990408e+01 6.629759878908384962e+01
-1.799999999999986855e+01 6.621271644375008236e+01
-1.399999999999988631e+01 6.611655404679549974e+01
-9.999999999999904077e+00 6.601552575366616793e+01
-5.999999999999920952e+00 6.591848688849887594e+01
-1.999999999999938494e+00 6.583822041251426072e+01
2.000000000000150102e+00 6.578999340619640179e+01
6.000000000000133227e+00 6.579124231251739729e+01
1.000000000000011546e+01 6.586053781745738434e+01
1.400000000000009948e+01 6.601571707525204147e+01
1.800000000000008171e+01 6.627111401303409366e+01
2.200000000000006395e+01 6.663285977622177825e+01
2.600000000000004619e+01 6.709379519883162857e+01
3.000000000000013500e+01 6.762826487597601499e+01
3.400000000000012079e+01 6.818790454864654293e+01
3.800000000000009948e+01 6.869989992524739364e+01
4.200000000000008527e+01 6.906912476189052086e+01
4.600000000000007105e+01 6.918536276543960639e+01
5.000000000000004974e+01 6.893630535109087987e+01
5.400000000000014211e+01 6.822500174645290372e+01
5.800000000000012079e+01 6.698357659316286572e+01
6.200000000000010658e+01 6.515664810941814267e+01
