-4.979999999999999432e+02 6.453077719185228034e+01
-4.939999999999999432e+02 6.362618111028092471e+01
-4.899999999999999432e+02 6.309204553104649449e+01
-4.859999999999998863e+02 6.272529923845019084e+01
-4.819999999999998863e+02 6.246751647195878832e+01
-4.779999999999998863e+02 6.229974701975356766e+01
-4.739999999999999432e+02 6.221342081831443238e+01
-4.699999999999999432e+02 6.220024034231255428e+01
-4.659999999999998863e+02 6.224956077431710355e+01
-4.619999999999999432e+02 6.234903738202376644e+01
-4.579999999999999432e+02 6.248619137882826635e+01
-4.539999999999998863e+02 6.264970562262357134e+01
-4.499999999999999432e+02 6.283009495461539018e+01
-4.459999999999999432e+02 6.301983578374131412e+01
-4.419999999999998863e+02 6.321317417450990206e+01
-4.379999999999999432e+02 6.340580987434373128e+01
-4.339999999999999432e+02 6.359458259655940537e+01
-4.299999999999998863e+02 6.377721861342496368e+01
-4.259999999999999432e+02 6.395214745864137740e+01
-4.219999999999999432e+02 6.411837229538195970e+01
-4.179999999999999432e+02 6.427536907168422431e+01
-4.139999999999999432e+02 6.442299318479740577e+01
-4.099999999999999432e+02 6.456138222530785242e+01
-4.059999999999998863e+02 6.469085412514766631e+01
-4.019999999999999432e+02 6.481180790230553157e+01
-3.979999999999999432e+02 6.492463737847026550e+01
-3.939999999999999432e+02 6.502966696900904253e+01
-3.899999999999999432e+02 6.512711461904046928e+01
-3.859999999999999432e+02 6.521708183170471784e+01
-3.819999999999998863e+02 6.529956663702245123e+01
-3.779999999999999432e+02 6.537449284365789026e+01
-3.739999999999999432e+02 6.544174812115124951e+01
-3.699999999999999432e+02 6.550122414490425626e+01
-3.659999999999999432e+02 6.555285345680476894e+01
-3.619999999999999432e+02 6.559663938876104794e+01
-3.579999999999998863e+02 6.563267710782969289e+01
-3.539999999999998863e+02 6.566116508950511843e+01
-3.499999999999999432e+02 6.568240746256890361e+01
-3.459999999999999432e+02 6.569680824074896464e+01
-3.419999999999998863e+02 6.570485900178869088e+01
-3.379999999999999432e+02 6.570712175154250190e+01
-3.339999999999998863e+02 6.570420875080355927e+01
-3.299999999999998863e+02 6.569676110089352505e+01
-3.259999999999999432e+02 6.568542763657410433e+01
-3.219999999999999432e+02 6.567084549038872865e+01
-3.179999999999998863e+02 6.565362334478373896e+01
-3.139999999999999432e+02 6.563432802511249520e+01
-3.099999999999998863e+02 6.561347474613972963e+01
-3.059999999999998863e+02 6.559152099155051019e+01
-3.019999999999999432e+02 6.556886376177527609e+01
-2.979999999999999432e+02 6.554583973174510447e+01
-2.939999999999999432e+02 6.552272773312273557e+01
-2.899999999999999432e+02 6.549975294195081688e+01
-2.859999999999998863e+02 6.547709213941584494e+01
-2.819999999999998863e+02 6.545487956336950219e+01
-2.779999999999999432e+02 6.543321287585723667e+01
-2.739999999999999432e+02 6.541215900575019759e+01
-2.699999999999999432e+02 6.539175955218269110e+01
-2.659999999999999432e+02 6.537203570825676024e+01
-2.619999999999998863e+02 6.535299256571698834e+01
-2.579999999999998863e+02 6.533462291073533379e+01
-2.539999999999999147e+02 6.531691048262007371e+01
-2.499999999999999432e+02 6.529983279301347920e+01
-2.459999999999998863e+02 6.528336355148991288e+01
-2.419999999999999147e+02 6.526747476435872386e+01
-2.379999999999999432e+02 6.525213854160961091e+01
-2.339999999999998863e+02 6.523732865200452125e+01
-2.299999999999999147e+02 6.522302186020817771e+01
-2.259999999999999432e+02 6.520919900337571562e+01
-2.219999999999998863e+02 6.519584582324807798e+01
-2.179999999999999147e+02 6.518295354842035749e+01
-2.139999999999999432e+02 6.517051921977400752e+01
-2.099999999999998863e+02 6.515854572885217522e+01
-2.059999999999999147e+02 6.514704157305351373e+01
-2.019999999999999432e+02 6.513602031430025363e+01
-1.979999999999998863e+02 6.512549969136784966e+01
-1.939999999999999147e+02 6.511550043747860173e+01
-1.899999999999999147e+02 6.510604477444326221e+01
-1.859999999999998863e+02 6.509715459418913497e+01
-1.819999999999999147e+02 6.508884935818127815e+01
-1.779999999999999147e+02 6.508114378191669402e+01
-1.739999999999998863e+02 6.507404536626910385e+01
-1.699999999999999147e+02 6.506755189654677451e+01
-1.659999999999999147e+02 6.506164907414097343e+01
-1.619999999999998863e+02 6.505630850101766782e+01
-1.579999999999999147e+02 6.505148632534866238e+01
-1.539999999999999147e+02 6.504712282297816728e+01
-1.499999999999998863e+02 6.504314327507529470e+01
-1.459999999999999147e+02 6.503946050621260611e+01
-1.419999999999999147e+02 6.503597938769650000e+01
-1.379999999999998863e+02 6.503260356316059188e+01
-1.339999999999999147e+02 6.502924448664111878e+01
-1.299999999999999147e+02 6.502583275056059620e+01
-1.259999999999998863e+02 6.502233140219846064e+01
-1.219999999999999005e+02 6.501875069330679935e+01
-1.179999999999999147e+02 6.501516339525483090e+01
-1.139999999999998863e+02 6.501171947186571742e+01
-1.099999999999999005e+02 6.500865855792000048e+01
-1.059999999999999147e+02 6.500631831928802740e+01
-1.019999999999999289e+02 6.500513659486256302e+01
-9.799999999999990052e+01 6.500564496606830289e+01
-9.399999999999991473e+01 6.500845135513952755e+01
-8.999999999999992895e+01 6.501420956618085256e+01
-8.599999999999990052e+01 6.502357408660247984e+01
-8.199999999999991473e+01 6.503713956457261247e+01
-7.799999999999992895e+01 6.505536574339566869e+01
-7.399999999999990052e+01 6.507849062244218885e+01
-6.999999999999991473e+01 6.510643704056030856e+01
-6.599999999999992895e+01 6.513872052600635243e+01
-6.199999999999989342e+01 6.517436891063704252e+01
-5.799999999999990763e+01 6.521186631023743985e+01
-5.399999999999992895e+01 6.524913520888316043e+01
-4.999999999999989342e+01 6.528357005672927471e+01
-4.599999999999990763e+01 6.531213388891131899e+01
-4.199999999999992895e+01 6.533152589715706426e+01
-3.799999999999989342e+01 6.533842348382245291e+01
-3.399999999999990763e+01 6.532979765939489880e+01
-2.999999999999992539e+01 6.530329644709019021e+01
-2.599999999999988987e+01 6.525768773489068053e+01
-2.199999999999990408e+01 6.519334979862145474e+01
-1.799999999999986855e+01 6.511279286538530187e+01
-1.399999999999988631e+01 6.502118683459559634e+01
-9.999999999999904077e+00 6.492685536991905337e+01
-5.999999999999920952e+00 6.484167391471578412e+01
-1.999999999999938494e+00 6.478127630806608295e+01
2.000000000000150102e+00 6.476493072949142515e+01
6.000000000000133227e+00 6.481489152042263413e+01
1.000000000000011546e+01 6.495497920142605608e+01
1.400000000000009948e+01 6.520811364693173573e+01
1.800000000000008171e+01 6.559257206643263771e+01
2.200000000000006395e+01 6.611766612986224345e+01
2.600000000000004619e+01 6.677680110703022365e+01
3.000000000000013500e+01 6.753284653217417599e+01
3.400000000000012079e+01 6.832317219828331645e+01
3.800000000000009948e+01 6.905607093429352972e+01
4.200000000000008527e+01 6.961526853449919372e+01
4.600000000000007105e+01 6.986998771149086451e+01
5.000000000000004974e+01 6.969047099074873586e+01
5.400000000000014211e+01 6.896742543860779051e+01
5.800000000000012079e+01 6.762742759013650584e+01
6.200000000000010658e+01 6.561354185482025514e+01
