-4.979999999999999432e+02 8.494783020429031239e+01
-4.939999999999999432e+02 8.441614070600417108e+01
-4.899999999999999432e+02 8.417594419598520972e+01
-4.859999999999998863e+02 8.411135109979591107e+01
-4.819999999999998863e+02 8.418598240272518751e+01
-4.779999999999998863e+02 8.437519094259147323e+01
-4.739999999999999432e+02 8.465299589497823263e+01
-4.699999999999999432e+02 8.499262035920571634e+01
-4.659999999999998863e+02 8.536963173258027382e+01
-4.619999999999999432e+02 8.576407011777274647e+01
-4.579999999999999432e+02 8.615927747642302847e+01
-4.539999999999998863e+02 8.654029309514965007e+01
-4.499999999999999432e+02 8.690185485399058507e+01
-4.459999999999999432e+02 8.724068326537587836e+01
-4.419999999999998863e+02 8.755545159396706367e+01
-4.379999999999999432e+02 8.784614961215453377e+01
-4.339999999999999432e+02 8.811362756985073474e+01
-4.299999999999998863e+02 8.835927426085510206e+01
-4.259999999999999432e+02 8.858478806853872811e+01
-4.219999999999999432e+02 8.879201117319166769e+01
-4.179999999999999432e+02 8.898280780244766675e+01
-4.139999999999999432e+02 8.915897531573125434e+01
-4.099999999999999432e+02 8.932218187796127040e+01
-4.059999999999998863e+02 8.947392698087065810e+01
-4.019999999999999432e+02 8.961552193413598388e+01
-3.979999999999999432e+02 8.974808740073950730e+01
-3.939999999999999432e+02 8.987256461870896374e+01
-3.899999999999999432e+02 8.998973653023739416e+01
-3.859999999999999432e+02 9.009979589636606079e+01
-3.819999999999998863e+02 9.020314027784240807e+01
-3.779999999999999432e+02 9.030034969995057281e+01
-3.739999999999999432e+02 9.039192858415026421e+01
-3.699999999999999432e+02 9.047834084803571386e+01
-3.659999999999999432e+02 9.056002317881041108e+01
-3.619999999999999432e+02 9.063739253634929582e+01
-3.579999999999998863e+02 9.071084858012409313e+01
-3.539999999999998863e+02 9.078077222669992352e+01
-3.499999999999999432e+02 9.084752191086352013e+01
-3.459999999999999432e+02 9.091142938917334959e+01
-3.419999999999998863e+02 9.097279697963404033e+01
-3.379999999999999432e+02 9.103189813060822644e+01
-3.339999999999998863e+02 9.108898301564670419e+01
-3.299999999999998863e+02 9.114429047517143090e+01
-3.259999999999999432e+02 9.119806713584284807e+01
-3.219999999999999432e+02 9.125059376523068977e+01
-3.179999999999998863e+02 9.130221800726576475e+01
-3.139999999999999432e+02 9.135339154393312810e+01
-3.099999999999998863e+02 9.140470852769720977e+01
-3.059999999999998863e+02 9.145694100578509733e+01
-3.019999999999999432e+02 9.151106613044538562e+01
-2.979999999999999432e+02 9.156827950006413630e+01
-2.939999999999999432e+02 9.162998913427685466e+01
-2.899999999999999432e+02 9.169778559237738591e+01
-2.859999999999998863e+02 9.177338551100660879e+01
-2.819999999999998863e+02 9.185854838033679926e+01
-2.779999999999999432e+02 9.195496936549164957e+01
-2.739999999999999432e+02 9.206415400918314162e+01
-2.699999999999999432e+02 9.218728340603701099e+01
-2.659999999999999432e+02 9.232508040572560049e+01
-2.619999999999998863e+02 9.247768851340526908e+01
-2.579999999999998863e+02 9.264457538525039126e+01
-2.539999999999999147e+02 9.282447241064193122e+01
-2.499999999999999432e+02 9.301536111464236001e+01
-2.459999999999998863e+02 9.321451582052509366e+01
-2.419999999999999147e+02 9.341860953622682473e+01
-2.379999999999999432e+02 9.362388502214707842e+01
-1.939999999999999147e+02 9.509507138115674252e+01
-1.899999999999999147e+02 9.514024257422187247e+01
