-4.979999999999999432e+02 6.590241790951336043e+01
-4.939999999999999432e+02 6.511719697408113916e+01
-4.899999999999999432e+02 6.467069592327595728e+01
-4.859999999999998863e+02 6.439081125572408837e+01
-4.819999999999998863e+02 6.422822000784725560e+01
-4.779999999999998863e+02 6.416373757693565949e+01
-4.739999999999999432e+02 6.418441209551940574e+01
-4.699999999999999432e+02 6.427685128029315820e+01
-4.659999999999998863e+02 6.442647353377526542e+01
-4.619999999999999432e+02 6.461865186291811369e+01
-4.579999999999999432e+02 6.483999460089762579e+01
-4.539999999999998863e+02 6.507914233132282789e+01
-4.499999999999999432e+02 6.532703310093683058e+01
-4.459999999999999432e+02 6.557679763564567565e+01
-4.419999999999998863e+02 6.582346569355161137e+01
-4.379999999999999432e+02 6.606337978386039822e+01
-4.339999999999999432e+02 6.629382071404239696e+01
-4.299999999999998863e+02 6.651409614387154079e+01
-4.259999999999999432e+02 6.672357813244724412e+01
-4.219999999999999432e+02 6.692209762214707780e+01
-4.179999999999999432e+02 6.710980353525940245e+01
-4.139999999999999432e+02 6.728704280320778253e+01
-4.099999999999999432e+02 6.745425813672329696e+01
-4.059999999999998863e+02 6.761190433030327540e+01
-4.019999999999999432e+02 6.776038547162301029e+01
-3.979999999999999432e+02 6.790001480131837752e+01
-3.939999999999999432e+02 6.803099706515058642e+01
-3.899999999999999432e+02 6.815343093047272305e+01
-3.859999999999999432e+02 6.826732723823772631e+01
-3.819999999999998863e+02 6.837263790343229175e+01
-3.779999999999999432e+02 6.846929008785735959e+01
-3.739999999999999432e+02 6.855722083839987135e+01
-3.699999999999999432e+02 6.863640833252679840e+01
-3.659999999999999432e+02 6.870689703279657579e+01
-3.619999999999999432e+02 6.876881510683222132e+01
-3.579999999999998863e+02 6.882238354307099826e+01
-3.539999999999998863e+02 6.886791723969690793e+01
-3.499999999999999432e+02 6.890581893216807430e+01
-3.459999999999999432e+02 6.893656736641270300e+01
-3.419999999999998863e+02 6.896070131749644361e+01
-3.379999999999999432e+02 6.897880116630267366e+01
-3.339999999999998863e+02 6.899146968401458935e+01
-3.299999999999998863e+02 6.899931348567338318e+01
-3.259999999999999432e+02 6.900292629919960063e+01
-3.219999999999999432e+02 6.900287491037607879e+01
-3.179999999999998863e+02 6.899968824112119137e+01
-3.139999999999999432e+02 6.899384973722141012e+01
-3.099999999999998863e+02 6.898579296097784663e+01
-3.059999999999998863e+02 6.897590004569599387e+01
-3.019999999999999432e+02 6.896450256901425746e+01
-2.979999999999999432e+02 6.895188428732330976e+01
-2.939999999999999432e+02 6.893828516590701838e+01
-2.899999999999999432e+02 6.892390624298155899e+01
-2.859999999999998863e+02 6.890891480183876183e+01
-2.819999999999998863e+02 6.889344950812250090e+01
-2.779999999999999432e+02 6.887762522228871376e+01
-2.739999999999999432e+02 6.886153728183143130e+01
-2.699999999999999432e+02 6.884526517068115936e+01
-2.659999999999999432e+02 6.882887550644647945e+01
-2.619999999999998863e+02 6.881242437327364314e+01
-2.579999999999998863e+02 6.879595908763650414e+01
-2.539999999999999147e+02 6.877951944082320779e+01
-2.499999999999999432e+02 6.876313857548939268e+01
-2.459999999999998863e+02 6.874684357358643183e+01
-2.419999999999999147e+02 6.873065588274135962e+01
-2.379999999999999432e+02 6.871459165674923497e+01
-2.339999999999998863e+02 6.869866211318833393e+01
-2.299999999999999147e+02 6.868287393876693159e+01
-2.259999999999999432e+02 6.866722978736936511e+01
-2.219999999999998863e+02 6.865172889148794866e+01
-2.179999999999999147e+02 6.863636778157399476e+01
-2.139999999999999432e+02 6.862114109168163623e+01
-2.099999999999998863e+02 6.860604238630725149e+01
-2.059999999999999147e+02 6.859106499339327456e+01
-2.019999999999999432e+02 6.857620277937297715e+01
-1.979999999999998863e+02 6.856145076793649196e+01
-1.939999999999999147e+02 6.854680557185349699e+01
-1.899999999999999147e+02 6.853226557479018766e+01
-1.859999999999998863e+02 6.851783079228732731e+01
-1.819999999999999147e+02 6.850350238406792869e+01
-1.779999999999999147e+02 6.848928178938098199e+01
-1.739999999999998863e+02 6.847516949507871686e+01
-1.699999999999999147e+02 6.846116344867635917e+01
-1.659999999999999147e+02 6.844725721100087412e+01
-1.619999999999998863e+02 6.843343796474033525e+01
-1.579999999999999147e+02 6.841968451306991028e+01
-1.539999999999999147e+02 6.840596548236914032e+01
-1.499999999999998863e+02 6.839223798367714835e+01
-1.459999999999999147e+02 6.837844700076669824e+01
-1.419999999999999147e+02 6.836452579314919831e+01
-1.379999999999998863e+02 6.835039760088648109e+01
-1.339999999999999147e+02 6.833597886355539686e+01
-1.299999999999999147e+02 6.832118415634721487e+01
-1.259999999999998863e+02 6.830593283060147769e+01
-1.219999999999999005e+02 6.829015722506034081e+01
-1.179999999999999147e+02 6.827381211390553517e+01
-1.139999999999998863e+02 6.825688474830548103e+01
-1.099999999999999005e+02 6.823940463438356119e+01
-1.059999999999999147e+02 6.822145188471228039e+01
-1.019999999999999289e+02 6.820316272474752850e+01
-9.799999999999990052e+01 6.818473056198661197e+01
-9.399999999999991473e+01 6.816640090431866383e+01
-8.999999999999992895e+01 6.814845843565331052e+01
-8.599999999999990052e+01 6.813120483389940318e+01
-8.199999999999991473e+01 6.811492633672725105e+01
-7.799999999999992895e+01 6.809985086663778020e+01
-7.399999999999990052e+01 6.808609554296009492e+01
-6.999999999999991473e+01 6.807360696055769722e+01
-6.599999999999992895e+01 6.806209829629727892e+01
-6.199999999999989342e+01 6.805098926810495641e+01
-5.799999999999990763e+01 6.803935699122234837e+01
-5.399999999999992895e+01 6.802590743611904145e+01
-4.999999999999989342e+01 6.800897822082788480e+01
-4.599999999999990763e+01 6.798658342486140782e+01
-4.199999999999992895e+01 6.795650951374659599e+01
-3.799999999999989342e+01 6.791646827413705978e+01
-3.399999999999990763e+01 6.786430777942996428e+01
-2.999999999999992539e+01 6.779827637203595714e+01
-2.599999999999988987e+01 6.771732798360301331e+01
-2.199999999999990408e+01 6.762145087073855620e+01
-1.799999999999986855e+01 6.751199653432308878e+01
-1.399999999999988631e+01 6.739198124230813391e+01
-9.999999999999904077e+00 6.726632861364333849e+01
-5.999999999999920952e+00 6.714201617368752295e+01
-1.999999999999938494e+00 6.702807912932149748e+01
2.000000000000150102e+00 6.693540797019630872e+01
6.000000000000133227e+00 6.687625162195888606e+01
1.000000000000011546e+01 6.686330824333413148e+01
1.400000000000009948e+01 6.690826418668763154e+01
1.800000000000008171e+01 6.701965367499053627e+01
2.200000000000006395e+01 6.719999269980036161e+01
2.600000000000004619e+01 6.744232061002531964e+01
3.000000000000013500e+01 6.772656124626860219e+01
3.400000000000012079e+01 6.801644123489887761e+01
3.800000000000009948e+01 6.825798634188117830e+01
4.200000000000008527e+01 6.838077364884662757e+01
4.600000000000007105e+01 6.830307448255638292e+01
5.000000000000004974e+01 6.794152742441241344e+01
5.400000000000014211e+01 6.722407831365035236e+01
5.800000000000012079e+01 6.609933025234113302e+01
6.200000000000010658e+01 6.455484187314112887e+01
6.600000000000008527e+01 6.264910345517006363e+01
