-4.979999999999999432e+02 6.925634241214174835e+01
-4.939999999999999432e+02 6.843552720832440173e+01
-4.899999999999999432e+02 6.782431868897958793e+01
-4.859999999999998863e+02 6.727267167652036051e+01
-4.819999999999998863e+02 6.673231883647520135e+01
-4.779999999999998863e+02 6.618348433735553726e+01
-4.739999999999999432e+02 6.561038603931427815e+01
-4.699999999999999432e+02 6.500313645257210737e+01
-4.659999999999998863e+02 6.435846798560726256e+01
-4.619999999999999432e+02 6.367435763209635979e+01
-4.579999999999999432e+02 6.295091454765389472e+01
-4.539999999999998863e+02 6.218918272587450247e+01
-4.499999999999999432e+02 6.133311581915853594e+01
-4.459999999999999432e+02 6.042426161189951017e+01
-4.419999999999998863e+02 5.948636175000041248e+01
-4.379999999999999432e+02 5.852359037657407725e+01
-4.339999999999999432e+02 5.749827951738808451e+01
-4.299999999999998863e+02 5.645389238881080018e+01
-4.259999999999999432e+02 5.548325122446334490e+01
-4.219999999999999432e+02 5.463956851668933723e+01
-4.179999999999999432e+02 5.400157600860922003e+01
-4.139999999999999432e+02 5.365274383033732875e+01
-4.099999999999999432e+02 5.363782440684269659e+01
-4.059999999999998863e+02 5.391974545659292062e+01
-4.019999999999999432e+02 5.441497784243136948e+01
-3.979999999999999432e+02 5.502597165010183744e+01
-3.939999999999999432e+02 5.567120389648954415e+01
-3.899999999999999432e+02 5.629342126057679252e+01
-3.859999999999999432e+02 5.685779205933715730e+01
-3.819999999999998863e+02 5.734655891504587544e+01
-3.779999999999999432e+02 5.775372421223693209e+01
-3.739999999999999432e+02 5.808154673729524120e+01
-3.699999999999999432e+02 5.833696223739491415e+01
-3.659999999999999432e+02 5.852620380306831294e+01
-3.619999999999999432e+02 5.865876520242727565e+01
-3.579999999999998863e+02 5.874457344419084848e+01
-3.539999999999998863e+02 5.879355802133233055e+01
-3.499999999999999432e+02 5.881536126766485495e+01
-3.459999999999999432e+02 5.881908169202858971e+01
-3.419999999999998863e+02 5.881299301122709267e+01
-3.379999999999999432e+02 5.880423650493179366e+01
-3.339999999999998863e+02 5.879852777516060769e+01
-3.299999999999998863e+02 5.879993818201518252e+01
-3.259999999999999432e+02 5.881080354591910009e+01
-3.219999999999999432e+02 5.883178652106983009e+01
-3.179999999999998863e+02 5.886208716169363697e+01
-3.139999999999999432e+02 5.889976948079618069e+01
-3.099999999999998863e+02 5.894215556011931767e+01
-3.059999999999998863e+02 5.898623408965119097e+01
-3.019999999999999432e+02 5.902903555762395627e+01
-2.979999999999999432e+02 5.906793851896361502e+01
-2.939999999999999432e+02 5.910088695858189567e+01
-2.899999999999999432e+02 5.912651385410561033e+01
-2.859999999999998863e+02 5.914417797483531558e+01
-2.819999999999998863e+02 5.915392852950657243e+01
-2.779999999999999432e+02 5.915641550020421846e+01
-2.739999999999999432e+02 5.915276359453150690e+01
-2.699999999999999432e+02 5.914442588428966019e+01
-2.659999999999999432e+02 5.913303082150355294e+01
-2.619999999999998863e+02 5.912023396272837772e+01
-2.579999999999998863e+02 5.910758381252202298e+01
-2.539999999999999147e+02 5.909640959035812102e+01
-2.499999999999999432e+02 5.908773713975278952e+01
-2.459999999999998863e+02 5.908223734696628071e+01
-2.419999999999999147e+02 5.908020915233618098e+01
-2.379999999999999432e+02 5.908159652628347658e+01
-2.339999999999998863e+02 5.908603588747746471e+01
-2.299999999999999147e+02 5.909292774579211027e+01
-2.259999999999999432e+02 5.910152421389796018e+01
-2.219999999999998863e+02 5.911102284428255871e+01
-2.179999999999999147e+02 5.912065715265777044e+01
-2.139999999999999432e+02 5.912977515914036530e+01
-2.099999999999998863e+02 5.913789913023265399e+01
-2.059999999999999147e+02 5.914476208163932824e+01
-2.019999999999999432e+02 5.915031922130822295e+01
-1.979999999999998863e+02 5.915473503242492370e+01
-1.939999999999999147e+02 5.915834876531033615e+01
-1.899999999999999147e+02 5.916162283683331680e+01
-1.859999999999998863e+02 5.916507969899532782e+01
-1.819999999999999147e+02 5.916923333644217564e+01
-1.779999999999999147e+02 5.917452168307846705e+01
-1.739999999999998863e+02 5.918124595327765292e+01
-1.699999999999999147e+02 5.918952229785679719e+01
-1.659999999999999147e+02 5.919925024146743908e+01
-1.619999999999998863e+02 5.921010127314451665e+01
-1.579999999999999147e+02 5.922152959497105940e+01
-1.539999999999999147e+02 5.923280550251053000e+01
-1.499999999999998863e+02 5.924307024806461186e+01
-1.459999999999999147e+02 5.925140959258266093e+01
-1.419999999999999147e+02 5.925694164900500027e+01
-1.379999999999998863e+02 5.925891322122458860e+01
-1.339999999999999147e+02 5.925679780890550319e+01
-1.299999999999999147e+02 5.925038771690617523e+01
-1.259999999999998863e+02 5.923987248311982512e+01
-1.219999999999999005e+02 5.922589597719485255e+01
-1.179999999999999147e+02 5.920958500997500096e+01
-1.139999999999998863e+02 5.919254328745347493e+01
-1.099999999999999005e+02 5.917680598943042014e+01
-1.059999999999999147e+02 5.916475242552019154e+01
-1.019999999999999289e+02 5.915897708328805038e+01
-9.799999999999990052e+01 5.916212288669566988e+01
-9.399999999999991473e+01 5.917668432723826299e+01
-8.999999999999992895e+01 5.920479176030221424e+01
-8.599999999999990052e+01 5.924799112701504100e+01
-8.199999999999991473e+01 5.930703566029785634e+01
-7.799999999999992895e+01 5.938170803705781964e+01
-7.399999999999990052e+01 5.947069304747242313e+01
-6.999999999999991473e+01 5.957152119643296828e+01
-6.599999999999992895e+01 5.968060037372680426e+01
-6.199999999999989342e+01 5.979334310093781824e+01
-5.799999999999990763e+01 5.990438035944345074e+01
-5.399999999999992895e+01 6.000783358233809395e+01
-4.999999999999989342e+01 6.009760253548057563e+01
-4.599999999999990763e+01 6.016762802095530560e+01
-4.199999999999992895e+01 6.021211035305111636e+01
-3.799999999999989342e+01 6.022570536205302005e+01
-3.399999999999990763e+01 6.020376887872464522e+01
-2.999999999999992539e+01 6.014276113961710735e+01
-2.599999999999988987e+01 6.004093428978490010e+01
-2.199999999999990408e+01 5.989939059985863423e+01
-1.799999999999986855e+01 5.972350404026155957e+01
-1.399999999999988631e+01 5.952454396678638204e+01
-9.999999999999904077e+00 5.932114937584827885e+01
-5.999999999999920952e+00 5.914013741684345860e+01
-1.999999999999938494e+00 5.901610874073952573e+01
2.000000000000150102e+00 5.898958575737424326e+01
6.000000000000133227e+00 5.910402814067253985e+01
1.000000000000011546e+01 5.940267053781070672e+01
1.400000000000009948e+01 5.992589926854225268e+01
1.800000000000008171e+01 6.070818735507958763e+01
2.200000000000006395e+01 6.177125740292194678e+01
2.600000000000004619e+01 6.315141500552363141e+01
3.000000000000013500e+01 6.477281773873482962e+01
3.400000000000012079e+01 6.650356501093864381e+01
3.800000000000009948e+01 6.813874397388491388e+01
4.200000000000008527e+01 6.935300567439321640e+01
4.600000000000007105e+01 6.994608980754333061e+01
5.000000000000004974e+01 6.980871366396621625e+01
5.400000000000014211e+01 6.888296719293657588e+01
