-4.979999999999999432e+02 6.892065899213991997e+01
-4.939999999999999432e+02 6.810592464651733735e+01
-4.899999999999999432e+02 6.764695262609359361e+01
-4.859999999999998863e+02 6.735873465763830836e+01
-4.819999999999998863e+02 6.718667768655700456e+01
-4.779999999999998863e+02 6.710839674998987903e+01
-4.739999999999999432e+02 6.710855632272722460e+01
-4.699999999999999432e+02 6.717179857122215481e+01
-4.659999999999998863e+02 6.728190944110434657e+01
-4.619999999999999432e+02 6.742301904564180859e+01
-4.579999999999999432e+02 6.758096000317851804e+01
-4.539999999999998863e+02 6.774409653883975579e+01
-4.499999999999999432e+02 6.790356566371997360e+01
-4.459999999999999432e+02 6.805311013435323275e+01
-4.419999999999998863e+02 6.818870598321871057e+01
-4.379999999999999432e+02 6.830813058865072662e+01
-4.339999999999999432e+02 6.841055231146236792e+01
-4.299999999999998863e+02 6.849617450823626541e+01
-4.259999999999999432e+02 6.856593889740588565e+01
-4.219999999999999432e+02 6.862128088986827379e+01
-4.179999999999999432e+02 6.866392734134115017e+01
-4.139999999999999432e+02 6.869572974476989202e+01
-4.099999999999999432e+02 6.871852960878783279e+01
-4.059999999999998863e+02 6.873405529333109598e+01
-4.019999999999999432e+02 6.874385029894517629e+01
-3.979999999999999432e+02 6.874923181809833750e+01
-3.939999999999999432e+02 6.875127644113456427e+01
-3.899999999999999432e+02 6.875082808032811954e+01
-3.859999999999999432e+02 6.874852190691308351e+01
-3.819999999999998863e+02 6.874481794821338099e+01
-3.779999999999999432e+02 6.874003856558482539e+01
-3.739999999999999432e+02 6.873440522290195531e+01
-3.699999999999999432e+02 6.872807130049073976e+01
-3.659999999999999432e+02 6.872114912762225458e+01
-3.619999999999999432e+02 6.871373048138775630e+01
-3.579999999999998863e+02 6.870590068209770607e+01
-3.539999999999998863e+02 6.869774696965060912e+01
-3.499999999999999432e+02 6.868936214178734190e+01
-3.459999999999999432e+02 6.868084465192021071e+01
-3.419999999999998863e+02 6.867229623530857907e+01
-3.379999999999999432e+02 6.866381814858470989e+01
-3.339999999999998863e+02 6.865550686800810354e+01
-3.299999999999998863e+02 6.864744997172408603e+01
-3.259999999999999432e+02 6.863972266393994914e+01
-3.219999999999999432e+02 6.863238527975113357e+01
-3.179999999999998863e+02 6.862548191171117651e+01
-3.139999999999999432e+02 6.861904009220785383e+01
-3.099999999999998863e+02 6.861307148374231701e+01
-3.059999999999998863e+02 6.860757336739533230e+01
-3.019999999999999432e+02 6.860253068621261718e+01
-2.979999999999999432e+02 6.859791847322793501e+01
-2.939999999999999432e+02 6.859370437274520782e+01
-2.899999999999999432e+02 6.858985113782091503e+01
-2.859999999999998863e+02 6.858631889401669923e+01
-2.819999999999998863e+02 6.858306713033232427e+01
-2.779999999999999432e+02 6.858005628664932374e+01
-2.739999999999999432e+02 6.857724894588585585e+01
-2.699999999999999432e+02 6.857461061926409229e+01
-2.659999999999999432e+02 6.857211016562547456e+01
-2.619999999999998863e+02 6.856971987423867176e+01
-2.579999999999998863e+02 6.856741529574918559e+01
-2.539999999999999147e+02 6.856517486025478547e+01
-2.499999999999999432e+02 6.856297934797566995e+01
-2.459999999999998863e+02 6.856081131270570950e+01
-2.419999999999999147e+02 6.855865448438510157e+01
-2.379999999999999432e+02 6.855649320825904169e+01
-2.339999999999998863e+02 6.855431197202614158e+01
-2.299999999999999147e+02 6.855209505394412872e+01
-2.259999999999999432e+02 6.854982630725606896e+01
-2.219999999999998863e+02 6.854748909386006517e+01
-2.179999999999999147e+02 6.854506639395475531e+01
-2.139999999999999432e+02 6.854254100359338508e+01
-2.099999999999998863e+02 6.853989589540174165e+01
-2.059999999999999147e+02 6.853711462936945509e+01
-2.019999999999999432e+02 6.853418180183359709e+01
-1.979999999999998863e+02 6.853108348612369127e+01
-1.939999999999999147e+02 6.852780758927838178e+01
-1.899999999999999147e+02 6.852434406575639514e+01
-1.859999999999998863e+02 6.852068492764897201e+01
-1.819999999999999147e+02 6.851682398579805522e+01
-1.779999999999999147e+02 6.851275628984308241e+01
-1.739999999999998863e+02 6.850847722373958959e+01
-1.699999999999999147e+02 6.850398126236245844e+01
-1.659999999999999147e+02 6.849926042669159187e+01
-1.619999999999998863e+02 6.849430248738207183e+01
-1.579999999999999147e+02 6.848908905972399452e+01
-1.539999999999999147e+02 6.848359374654467047e+01
-1.499999999999998863e+02 6.847778053512234919e+01
-1.459999999999999147e+02 6.847160272252403956e+01
-1.419999999999999147e+02 6.846500262289566763e+01
-1.379999999999998863e+02 6.845791241348922540e+01
-1.339999999999999147e+02 6.845025628991322719e+01
-1.299999999999999147e+02 6.844195421170991267e+01
-1.259999999999998863e+02 6.843292732913755572e+01
-1.219999999999999005e+02 6.842310504504320079e+01
-1.179999999999999147e+02 6.841243346730408348e+01
-1.139999999999998863e+02 6.840088480278211591e+01
-1.099999999999999005e+02 6.838846694944771798e+01
-1.059999999999999147e+02 6.837523223708279829e+01
-1.019999999999999289e+02 6.836128405925188645e+01
-9.799999999999990052e+01 6.834677985841318559e+01
-9.399999999999991473e+01 6.833192879767699424e+01
-8.999999999999992895e+01 6.831698243873364618e+01
-8.599999999999990052e+01 6.830221684204997246e+01
-8.199999999999991473e+01 6.828790493768008218e+01
-7.799999999999992895e+01 6.827427860345022737e+01
-7.399999999999990052e+01 6.826148087205240245e+01
-6.999999999999991473e+01 6.824951000078783636e+01
-6.599999999999992895e+01 6.823815876462299457e+01
-6.199999999999989342e+01 6.822695420625734641e+01
-5.799999999999990763e+01 6.821510508181131627e+01
-5.399999999999992895e+01 6.820146605146635466e+01
-4.999999999999989342e+01 6.818452898507365489e+01
-4.599999999999990763e+01 6.816245213672038972e+01
-4.199999999999992895e+01 6.813313702552392215e+01
-3.799999999999989342e+01 6.809436020908094633e+01
-3.399999999999990763e+01 6.804396292252152989e+01
-2.999999999999992539e+01 6.798009570878065233e+01
-2.599999999999988987e+01 6.790150854661703761e+01
-2.199999999999990408e+01 6.780787013966892118e+01
-1.799999999999986855e+01 6.770009398750266882e+01
-1.399999999999988631e+01 6.758064379588341808e+01
-9.999999999999904077e+00 6.745378655034107851e+01
-5.999999999999920952e+00 6.732575684132137894e+01
-1.999999999999938494e+00 6.720478834149650993e+01
2.000000000000150102e+00 6.710095507308659535e+01
6.000000000000133227e+00 6.702574418376417498e+01
1.000000000000011546e+01 6.699125499854500276e+01
1.400000000000009948e+01 6.700889590723414813e+01
1.800000000000008171e+01 6.708745257823699149e+01
2.200000000000006395e+01 6.723046039878352076e+01
2.600000000000004619e+01 6.743296389929184897e+01
3.000000000000013500e+01 6.767799593634629218e+01
3.400000000000012079e+01 6.793342475535177982e+01
3.800000000000009948e+01 6.815011750937611623e+01
4.200000000000008527e+01 6.826256209375708295e+01
4.600000000000007105e+01 6.819308391063447061e+01
5.000000000000004974e+01 6.786035354978139367e+01
5.400000000000014211e+01 6.719116295074564960e+01
5.800000000000012079e+01 6.612932543564488697e+01
6.200000000000010658e+01 6.465414654054370658e+01
6.600000000000008527e+01 6.281287004388667583e+01
