-4.979999999999999432e+02 6.356302403370506227e+01
-4.939999999999999432e+02 6.226355554912481693e+01
-4.899999999999999432e+02 6.147024106524531817e+01
-4.859999999999998863e+02 6.086517713819489472e+01
-4.819999999999998863e+02 6.036218998294975790e+01
-4.779999999999998863e+02 5.994377582254054460e+01
-4.739999999999999432e+02 5.960812139464223947e+01
-4.699999999999999432e+02 5.935325059836719674e+01
-4.659999999999998863e+02 5.917280822991864397e+01
-4.619999999999999432e+02 5.905727189707960179e+01
-4.579999999999999432e+02 5.899652591054092454e+01
-4.539999999999998863e+02 5.898168556395194173e+01
-4.499999999999999432e+02 5.900564878554371262e+01
-4.459999999999999432e+02 5.906270582909434097e+01
-4.419999999999998863e+02 5.914776478826394168e+01
-4.379999999999999432e+02 5.925563699819986141e+01
-4.339999999999999432e+02 5.938061592341523465e+01
-4.299999999999998863e+02 5.951640992170979416e+01
-4.259999999999999432e+02 5.965638722489757129e+01
-4.219999999999999432e+02 5.979404033704628318e+01
-4.179999999999999432e+02 5.992354983520471023e+01
-4.139999999999999432e+02 6.004031549844205529e+01
-4.099999999999999432e+02 6.014133225070310118e+01
-4.059999999999998863e+02 6.022532679164015690e+01
-4.019999999999999432e+02 6.029263330373254348e+01
-3.979999999999999432e+02 6.034485449312506944e+01
-3.939999999999999432e+02 6.038440358136210762e+01
-3.899999999999999432e+02 6.041403746891478477e+01
-3.859999999999999432e+02 6.043647066356692221e+01
-3.819999999999998863e+02 6.045411760542395996e+01
-3.779999999999999432e+02 6.046896683071258849e+01
-3.739999999999999432e+02 6.048255865544689414e+01
-3.699999999999999432e+02 6.049602459176696811e+01
-3.659999999999999432e+02 6.051014910155163307e+01
-3.619999999999999432e+02 6.052542633656764792e+01
-3.579999999999998863e+02 6.054209925751774790e+01
-3.539999999999998863e+02 6.056018104665957935e+01
-3.499999999999999432e+02 6.057946657488781739e+01
-3.459999999999999432e+02 6.059954443183556805e+01
-3.419999999999998863e+02 6.061981875508496387e+01
-3.379999999999999432e+02 6.063954639277159231e+01
-3.339999999999998863e+02 6.065789028967668628e+01
-3.299999999999998863e+02 6.067398566667202431e+01
-3.259999999999999432e+02 6.068701240246133466e+01
-3.219999999999999432e+02 6.069626545480883806e+01
-3.179999999999998863e+02 6.070121524484699194e+01
-3.139999999999999432e+02 6.070155159189397409e+01
-3.099999999999998863e+02 6.069720731311417694e+01
-3.059999999999998863e+02 6.068836059398887528e+01
-3.019999999999999432e+02 6.067541790615052832e+01
-2.979999999999999432e+02 6.065898109656177439e+01
-2.939999999999999432e+02 6.063980328588161228e+01
-2.899999999999999432e+02 6.061873819054653723e+01
-2.859999999999998863e+02 6.059668697649260594e+01
-2.819999999999998863e+02 6.057454591839007207e+01
-2.779999999999999432e+02 6.055315735633928398e+01
-2.739999999999999432e+02 6.053326591637403453e+01
-2.699999999999999432e+02 6.051548166823812380e+01
-2.659999999999999432e+02 6.050025175693696156e+01
-2.619999999999998863e+02 6.048784197085132064e+01
-2.579999999999998863e+02 6.047832946672446042e+01
-2.539999999999999147e+02 6.047160737882148851e+01
-2.499999999999999432e+02 6.046740136579217051e+01
-2.459999999999998863e+02 6.046529722146067343e+01
-2.419999999999999147e+02 6.046477774194005406e+01
-2.379999999999999432e+02 6.046526615997339604e+01
-2.339999999999998863e+02 6.046617279765115427e+01
-2.299999999999999147e+02 6.046694129531499584e+01
-2.259999999999999432e+02 6.046709079612730875e+01
-2.219999999999998863e+02 6.046625085950506673e+01
-2.179999999999999147e+02 6.046418656870491759e+01
-2.139999999999999432e+02 6.046081214230133583e+01
-2.099999999999998863e+02 6.045619234352591320e+01
-2.059999999999999147e+02 6.045053188285663737e+01
-2.019999999999999432e+02 6.044415389994821908e+01
-1.979999999999998863e+02 6.043746928422598330e+01
-1.939999999999999147e+02 6.043093919839168393e+01
-1.899999999999999147e+02 6.042503355421200695e+01
-1.859999999999998863e+02 6.042018842921248734e+01
-1.819999999999999147e+02 6.041676549961374576e+01
-1.779999999999999147e+02 6.041501643277916855e+01
-1.739999999999998863e+02 6.041505494742477822e+01
-1.699999999999999147e+02 6.041683881345323925e+01
-1.659999999999999147e+02 6.042016347839125956e+01
-1.619999999999998863e+02 6.042466830997494753e+01
-1.579999999999999147e+02 6.042985566906918393e+01
-1.539999999999999147e+02 6.043512220416562286e+01
-1.499999999999998863e+02 6.043980094673463554e+01
-1.459999999999999147e+02 6.044321209618072999e+01
-1.419999999999999147e+02 6.044471973665264386e+01
-1.379999999999998863e+02 6.044379130428126246e+01
-1.339999999999999147e+02 6.044005634004207650e+01
-1.299999999999999147e+02 6.043336094582849682e+01
-1.259999999999998863e+02 6.042381444677238278e+01
-1.219999999999999005e+02 6.041182484259678631e+01
-1.179999999999999147e+02 6.039811986267153543e+01
-1.139999999999998863e+02 6.038375060743328504e+01
-1.099999999999999005e+02 6.037007497616434648e+01
-1.059999999999999147e+02 6.035871833865775216e+01
-1.019999999999999289e+02 6.035150932701174042e+01
-9.799999999999990052e+01 6.035038941936619494e+01
-9.399999999999991473e+01 6.035729625351495997e+01
-8.999999999999992895e+01 6.037402255149169150e+01
-8.599999999999990052e+01 6.040205516403074171e+01
-8.199999999999991473e+01 6.044240211956764597e+01
-7.799999999999992895e+01 6.049541934318426684e+01
-7.399999999999990052e+01 6.056065257900883125e+01
-6.999999999999991473e+01 6.063671299132960257e+01
-6.599999999999992895e+01 6.072120592539806694e+01
-6.199999999999989342e+01 6.081072996955981580e+01
-5.799999999999990763e+01 6.090095703947247330e+01
-5.399999999999992895e+01 6.098679399369979137e+01
-4.999999999999989342e+01 6.106261474714750648e+01
-4.599999999999990763e+01 6.112254306088323119e+01
-4.199999999999992895e+01 6.116076520991322241e+01
-3.799999999999989342e+01 6.117186236566709567e+01
-3.399999999999990763e+01 6.115117481185922088e+01
-2.999999999999992539e+01 6.109523821866054050e+01
-2.599999999999988987e+01 6.100235407574820101e+01
-2.199999999999990408e+01 6.087335613307999438e+01
-1.799999999999986855e+01 6.071259785451798052e+01
-1.399999999999988631e+01 6.052910743293710993e+01
-9.999999999999904077e+00 6.033774819949320545e+01
-5.999999999999920952e+00 6.016011462466451576e+01
-1.999999999999938494e+00 6.002483379529576268e+01
2.000000000000150102e+00 5.996697356540079227e+01
6.000000000000133227e+00 6.002638814662600453e+01
1.000000000000011546e+01 6.024498064379645257e+01
1.400000000000009948e+01 6.066284952559675503e+01
1.800000000000008171e+01 6.131294625272687426e+01
2.200000000000006395e+01 6.221908444298884433e+01
2.600000000000004619e+01 6.339688897233054377e+01
3.000000000000013500e+01 6.477482399738374852e+01
3.400000000000012079e+01 6.624540177150839781e+01
3.800000000000009948e+01 6.766074935178880878e+01
4.200000000000008527e+01 6.875995580737634327e+01
4.600000000000007105e+01 6.935424548291263136e+01
5.000000000000004974e+01 6.930451001595235994e+01
5.400000000000014211e+01 6.850933479422963046e+01
5.800000000000012079e+01 6.686518081363874444e+01
