-4.979999999999999432e+02 7.038315929006461147e+01
-4.939999999999999432e+02 6.962814031129374825e+01
-4.899999999999999432e+02 6.922931454330938550e+01
-4.859999999999998863e+02 6.900086456832696058e+01
-4.819999999999998863e+02 6.889512034424950571e+01
-4.779999999999998863e+02 6.889012079329586413e+01
-4.739999999999999432e+02 6.896800968472086879e+01
-4.699999999999999432e+02 6.911026019083476513e+01
-4.659999999999998863e+02 6.929812608801438500e+01
-4.619999999999999432e+02 6.951423504113358831e+01
-4.579999999999999432e+02 6.974380799727219937e+01
-4.539999999999998863e+02 6.997517369526320863e+01
-4.499999999999999432e+02 7.019829715084256350e+01
-4.459999999999999432e+02 7.040808739308960185e+01
-4.419999999999998863e+02 7.060124498352081446e+01
-4.379999999999999432e+02 7.077598899041504410e+01
-4.339999999999999432e+02 7.093178345651250538e+01
-4.299999999999998863e+02 7.106900163500262124e+01
-4.259999999999999432e+02 7.118865462154440138e+01
-4.219999999999999432e+02 7.129217099051157902e+01
-4.179999999999999432e+02 7.138121684426181446e+01
-4.139999999999999432e+02 7.145754991156405822e+01
-4.099999999999999432e+02 7.152290462781564884e+01
-4.059999999999998863e+02 7.157890684699708572e+01
-4.019999999999999432e+02 7.162701687073985113e+01
-3.979999999999999432e+02 7.166849839818860346e+01
-3.939999999999999432e+02 7.170440971944793773e+01
-3.899999999999999432e+02 7.173561233550623228e+01
-3.859999999999999432e+02 7.176279167507937018e+01
-3.819999999999998863e+02 7.178648478404682010e+01
-3.779999999999999432e+02 7.180711050266478424e+01
-3.739999999999999432e+02 7.182499866521067133e+01
-3.699999999999999432e+02 7.184041592184843239e+01
-3.659999999999999432e+02 7.185358686710139864e+01
-3.619999999999999432e+02 7.186470997700132557e+01
-3.579999999999998863e+02 7.187396850093881540e+01
-3.539999999999998863e+02 7.188153694329008658e+01
-3.499999999999999432e+02 7.188758393315214335e+01
-3.459999999999999432e+02 7.189227247920808850e+01
-3.419999999999998863e+02 7.189575848389694102e+01
-3.379999999999999432e+02 7.189818839549110407e+01
-3.339999999999998863e+02 7.189969662455848720e+01
-3.299999999999998863e+02 7.190040325831574819e+01
-3.259999999999999432e+02 7.190041241076238521e+01
-3.219999999999999432e+02 7.189981135131426981e+01
-3.179999999999998863e+02 7.189867046242250126e+01
-3.139999999999999432e+02 7.189704393475204824e+01
-3.099999999999998863e+02 7.189497110771344524e+01
-3.059999999999998863e+02 7.189247824169262913e+01
-3.019999999999999432e+02 7.188958056350469406e+01
-2.979999999999999432e+02 7.188628440448860601e+01
-2.939999999999999432e+02 7.188258929237866823e+01
-2.899999999999999432e+02 7.187848985281800651e+01
-2.859999999999998863e+02 7.187397750307007982e+01
-2.819999999999998863e+02 7.186904184192547973e+01
-2.779999999999999432e+02 7.186367172425673289e+01
-2.739999999999999432e+02 7.185785603461863502e+01
-2.699999999999999432e+02 7.185158417726029256e+01
-2.659999999999999432e+02 7.184484632098559587e+01
-2.619999999999998863e+02 7.183763343215372288e+01
-2.579999999999998863e+02 7.182993713277232928e+01
-2.539999999999999147e+02 7.182174944346405709e+01
-2.499999999999999432e+02 7.181306242975063014e+01
-2.459999999999998863e+02 7.180386782022009129e+01
-2.419999999999999147e+02 7.179415659678198836e+01
-2.379999999999999432e+02 7.178391861239856553e+01
-2.339999999999998863e+02 7.177314224990834646e+01
-2.299999999999999147e+02 7.176181416609364305e+01
-2.259999999999999432e+02 7.174991910489552538e+01
-2.219999999999998863e+02 7.173743983080584030e+01
-2.179999999999999147e+02 7.172435716052819998e+01
-2.139999999999999432e+02 7.171065009352878405e+01
-2.099999999999998863e+02 7.169629604256226685e+01
-2.059999999999999147e+02 7.168127114387050369e+01
-2.019999999999999432e+02 7.166555064000095854e+01
-1.979999999999998863e+02 7.164910928551842062e+01
-1.939999999999999147e+02 7.163192175401837858e+01
-1.899999999999999147e+02 7.161396298570355157e+01
-1.859999999999998863e+02 7.159520846431820473e+01
-1.819999999999999147e+02 7.157563434842853667e+01
-1.779999999999999147e+02 7.155521740850196011e+01
-1.739999999999998863e+02 7.153393476049524224e+01
-1.699999999999999147e+02 7.151176331029807898e+01
-1.659999999999999147e+02 7.148867893930730588e+01
-1.619999999999998863e+02 7.146465540797527183e+01
-1.579999999999999147e+02 7.143966301313315626e+01
-1.539999999999999147e+02 7.141366704519754194e+01
-1.499999999999998863e+02 7.138662618003439775e+01
-1.459999999999999147e+02 7.135849092436666297e+01
-1.419999999999999147e+02 7.132920230169207798e+01
-1.379999999999998863e+02 7.129869101289727951e+01
-1.339999999999999147e+02 7.126687727820416285e+01
-1.299999999999999147e+02 7.123367164312719524e+01
-1.259999999999998863e+02 7.119897694914777730e+01
-1.219999999999999005e+02 7.116269164279248116e+01
-1.179999999999999147e+02 7.112471448392477669e+01
-1.139999999999998863e+02 7.108495056196557016e+01
-1.099999999999999005e+02 7.104331835650503990e+01
-1.059999999999999147e+02 7.099975736423328954e+01
-1.019999999999999289e+02 7.095423552555064362e+01
-9.799999999999990052e+01 7.090675546170677990e+01
-9.399999999999991473e+01 7.085735828447462836e+01
-8.999999999999992895e+01 7.080612354986772061e+01
-8.599999999999990052e+01 7.075316388531769007e+01
-8.199999999999991473e+01 7.069861282714362005e+01
-7.799999999999992895e+01 7.064260471249599505e+01
-7.399999999999990052e+01 7.058524592241968776e+01
-6.999999999999991473e+01 7.052657756380500587e+01
-6.599999999999992895e+01 7.046653078446075824e+01
-6.199999999999989342e+01 7.040487721817231659e+01
-5.799999999999990763e+01 7.034117877855709366e+01
-5.399999999999992895e+01 7.027474269734835843e+01
-4.999999999999989342e+01 7.020458940915113999e+01
-4.599999999999990763e+01 7.012944213907371704e+01
-4.199999999999992895e+01 7.004774761217123569e+01
-3.799999999999989342e+01 6.995779334241262859e+01
-3.399999999999990763e+01 6.985791023439207947e+01
-2.999999999999992539e+01 6.974633878968444378e+01
-2.599999999999988987e+01 6.962160820690888841e+01
-2.199999999999990408e+01 6.948278281355237596e+01
-1.799999999999986855e+01 6.932973412242131417e+01
-1.399999999999988631e+01 6.916341034949800815e+01
-9.999999999999904077e+00 6.898607349021472146e+01
-5.999999999999920952e+00 6.880147014609707412e+01
-1.999999999999938494e+00 6.861489951281782851e+01
2.000000000000150102e+00 6.843313892036553625e+01
6.000000000000133227e+00 6.826418109239205023e+01
1.000000000000011546e+01 6.811672615010962772e+01
1.400000000000009948e+01 6.799935612459660206e+01
1.800000000000008171e+01 6.791930825453857778e+01
2.200000000000006395e+01 6.788077353552819204e+01
2.600000000000004619e+01 6.788270531817602205e+01
3.000000000000013500e+01 6.791625510947096700e+01
3.400000000000012079e+01 6.796216679043857312e+01
3.800000000000009948e+01 6.798872504419233564e+01
4.200000000000008527e+01 6.795109123578407662e+01
4.600000000000007105e+01 6.779294241290756418e+01
5.000000000000004974e+01 6.745102133674112110e+01
5.400000000000014211e+01 6.686191947894883469e+01
5.800000000000012079e+01 6.596658569741890688e+01
6.200000000000010658e+01 6.473801808801817970e+01
6.600000000000008527e+01 6.318929011621366953e+01
