-4.979999999999999432e+02 8.346928094217372518e+01
-4.939999999999999432e+02 8.416700222964072964e+01
-4.899999999999999432e+02 8.463020316837577184e+01
-4.859999999999998863e+02 8.501077312255881679e+01
-4.819999999999998863e+02 8.534963112698102350e+01
-4.779999999999998863e+02 8.565514324824141568e+01
-4.739999999999999432e+02 8.592521526079735850e+01
-4.699999999999999432e+02 8.615536239387057549e+01
-4.659999999999998863e+02 8.634594923265314037e+01
-4.619999999999999432e+02 8.650270022603507414e+01
-4.579999999999999432e+02 8.663501209678429404e+01
-4.539999999999998863e+02 8.675366165496808435e+01
-4.499999999999999432e+02 8.686886825333283468e+01
-4.459999999999999432e+02 8.698904707746578424e+01
-4.419999999999998863e+02 8.712020491368980402e+01
-4.379999999999999432e+02 8.726609093603667588e+01
-4.339999999999999432e+02 8.742716139556921462e+01
-4.299999999999998863e+02 8.760194187053650694e+01
-4.259999999999999432e+02 8.778613999732851880e+01
-4.219999999999999432e+02 8.797725238855809948e+01
-4.179999999999999432e+02 8.817021672603476645e+01
-4.139999999999999432e+02 8.835944003321549189e+01
-4.099999999999999432e+02 8.853927596924393129e+01
-4.059999999999998863e+02 8.870447174722619366e+01
-4.019999999999999432e+02 8.885054351485302959e+01
-3.979999999999999432e+02 8.897404778572661144e+01
-3.939999999999999432e+02 8.907273097703676967e+01
-3.899999999999999432e+02 8.914555617258713482e+01
-3.859999999999999432e+02 8.919262246242880110e+01
-3.819999999999998863e+02 8.921500446987732857e+01
-3.779999999999999432e+02 8.921454592357133606e+01
-3.739999999999999432e+02 8.919364084044707397e+01
-3.699999999999999432e+02 8.915502959152877338e+01
-3.659999999999999432e+02 8.910162719975346590e+01
-3.619999999999999432e+02 8.903639009564085427e+01
-3.579999999999998863e+02 8.896221776379377388e+01
-3.539999999999998863e+02 8.888187956909808918e+01
-3.499999999999999432e+02 8.879795531398292496e+01
-3.459999999999999432e+02 8.871278077134604700e+01
-3.419999999999998863e+02 8.862839473721550121e+01
-3.379999999999999432e+02 8.854649005460163380e+01
-3.339999999999998863e+02 8.846837519127223004e+01
-3.299999999999998863e+02 8.839495412020170306e+01
-3.259999999999999432e+02 8.832673022346864400e+01
-3.219999999999999432e+02 8.826383578180593759e+01
-3.179999999999998863e+02 8.820608393070716602e+01
-3.139999999999999432e+02 8.815303615655932390e+01
-3.099999999999998863e+02 8.810407657416908478e+01
-3.059999999999998863e+02 8.805848453377291207e+01
-3.019999999999999432e+02 8.801549911740266907e+01
-2.979999999999999432e+02 8.797437202985537397e+01
-2.939999999999999432e+02 8.793440846248131493e+01
-2.899999999999999432e+02 8.789499775343784904e+01
-2.859999999999998863e+02 8.785563674936037160e+01
-2.819999999999998863e+02 8.781594851064710383e+01
-2.779999999999999432e+02 8.777569755469568236e+01
-2.739999999999999432e+02 8.773480103405614727e+01
-2.699999999999999432e+02 8.769333350192789567e+01
-2.659999999999999432e+02 8.765152214778788675e+01
-2.619999999999998863e+02 8.760972991713475722e+01
-2.579999999999998863e+02 8.756842556187069704e+01
-2.539999999999999147e+02 8.752814212787649240e+01
-2.499999999999999432e+02 8.748942776620646100e+01
-2.459999999999998863e+02 8.745279441702950862e+01
-2.419999999999999147e+02 8.741867031866343041e+01
-2.379999999999999432e+02 8.738736146223726564e+01
-2.339999999999998863e+02 8.735902535232088439e+01
-2.299999999999999147e+02 8.733365838514004054e+01
-2.259999999999999432e+02 8.731109634139949094e+01
-2.219999999999998863e+02 8.729102644554274093e+01
-2.179999999999999147e+02 8.727300899706591508e+01
-2.139999999999999432e+02 8.725650683402511731e+01
-2.099999999999998863e+02 8.724092126776082523e+01
-2.059999999999999147e+02 8.722563315866460698e+01
-2.019999999999999432e+02 8.721004762352146145e+01
-1.979999999999998863e+02 8.719363995395400480e+01
-1.939999999999999147e+02 8.717599933594232198e+01
-1.899999999999999147e+02 8.715686603250242115e+01
-1.859999999999998863e+02 8.713615739806897409e+01
-1.819999999999999147e+02 8.711397869390435744e+01
-1.779999999999999147e+02 8.709061625542636875e+01
-1.739999999999998863e+02 8.706651281107622253e+01
-1.699999999999999147e+02 8.704222730179930068e+01
-1.659999999999999147e+02 8.701838378287413889e+01
-1.619999999999998863e+02 8.699561535405064205e+01
-1.579999999999999147e+02 8.697450942249275840e+01
-1.539999999999999147e+02 8.695555992547775759e+01
-1.499999999999998863e+02 8.693913074149855902e+01
-1.459999999999999147e+02 8.692543285265492159e+01
-1.419999999999999147e+02 8.691451615439331135e+01
-1.379999999999998863e+02 8.690627557901115097e+01
-1.339999999999999147e+02 8.690047019223823099e+01
-1.299999999999999147e+02 8.689674989881456213e+01
-1.259999999999998863e+02 8.689470171213088179e+01
-1.219999999999999005e+02 8.689389235396106415e+01
-1.179999999999999147e+02 8.689390153614220935e+01
-1.139999999999998863e+02 8.689436667353834309e+01
-1.099999999999999005e+02 8.689501235031269744e+01
-1.059999999999999147e+02 8.689566594123488130e+01
-1.019999999999999289e+02 8.689625653534307048e+01
-9.799999999999990052e+01 8.689679665909119421e+01
-9.399999999999991473e+01 8.689734908142543190e+01
-8.999999999999992895e+01 8.689798376477131114e+01
-8.599999999999990052e+01 8.689873215194603517e+01
-8.199999999999991473e+01 8.689954717980623400e+01
-7.799999999999992895e+01 8.690027708381904858e+01
-7.399999999999990052e+01 8.690069960876047617e+01
-6.999999999999991473e+01 8.690042141606812720e+01
-6.599999999999992895e+01 8.689901730138558378e+01
-6.199999999999989342e+01 8.689606581634700433e+01
-5.799999999999990763e+01 8.689122743240261570e+01
-5.399999999999992895e+01 8.688433549509176146e+01
-4.999999999999989342e+01 8.687549357148662921e+01
-4.599999999999990763e+01 8.686517600115973892e+01
-4.199999999999992895e+01 8.685433131179019028e+01
-3.799999999999989342e+01 8.684449044480794555e+01
-3.399999999999990763e+01 8.683788172533695615e+01
-2.999999999999992539e+01 8.683755089695551987e+01
-2.599999999999988987e+01 8.684747642763909425e+01
-2.199999999999990408e+01 8.687265835978092809e+01
-1.799999999999986855e+01 8.691879170229600504e+01
-1.399999999999988631e+01 8.699298236200752399e+01
-9.999999999999904077e+00 8.710363233077555378e+01
-5.999999999999920952e+00 8.725871311140554099e+01
-1.999999999999938494e+00 8.746498062630865888e+01
2.000000000000150102e+00 8.772642173396002363e+01
6.000000000000133227e+00 8.804468766060307416e+01
1.000000000000011546e+01 8.841464717964572628e+01
1.400000000000009948e+01 8.882320859098263099e+01
1.800000000000008171e+01 8.924862335522897183e+01
2.200000000000006395e+01 8.966204879427607466e+01
2.600000000000004619e+01 9.004493447724235011e+01
3.000000000000013500e+01 9.034724458505678513e+01
3.400000000000012079e+01 9.053026947324906359e+01
3.800000000000009948e+01 9.060995832606494105e+01
4.200000000000008527e+01 9.060193566910561458e+01
4.600000000000007105e+01 9.054043029233531570e+01
5.000000000000004974e+01 9.047439092475718780e+01
5.400000000000014211e+01 9.044119525723510833e+01
5.800000000000012079e+01 9.045762300552445367e+01
6.200000000000010658e+01 9.050853832585670489e+01
