-4.979999999999999432e+02 8.465324855866657572e+01
-4.939999999999999432e+02 8.516525741497974877e+01
-4.899999999999999432e+02 8.549851176377876527e+01
-4.859999999999998863e+02 8.576394142375789897e+01
-4.819999999999998863e+02 8.599493732103042021e+01
-4.779999999999998863e+02 8.620216986719083252e+01
-4.739999999999999432e+02 8.638910917229839015e+01
-4.699999999999999432e+02 8.655821787033352166e+01
-4.659999999999998863e+02 8.671347172401425496e+01
-4.619999999999999432e+02 8.685998126426210320e+01
-4.579999999999999432e+02 8.700278551383996728e+01
-4.539999999999998863e+02 8.714793278207571348e+01
-4.499999999999999432e+02 8.730057781613515999e+01
-4.459999999999999432e+02 8.746445158499915351e+01
-4.419999999999998863e+02 8.764163024054397511e+01
-4.379999999999999432e+02 8.783253659332632424e+01
-4.339999999999999432e+02 8.803610011294802007e+01
-4.299999999999998863e+02 8.825001378547938202e+01
-4.259999999999999432e+02 8.847104081448247825e+01
-4.219999999999999432e+02 8.869429904530937847e+01
-4.179999999999999432e+02 8.891579510604026382e+01
-4.139999999999999432e+02 8.913164216261372985e+01
-4.099999999999999432e+02 8.933782499043906000e+01
-4.059999999999998863e+02 8.953097833502397407e+01
-4.019999999999999432e+02 8.970812461405449767e+01
-3.979999999999999432e+02 8.986685820161483207e+01
-3.939999999999999432e+02 9.000541315820220234e+01
-3.899999999999999432e+02 9.012267335140637670e+01
-3.859999999999999432e+02 9.021815367272034791e+01
-3.819999999999998863e+02 9.029195932796881152e+01
-3.779999999999999432e+02 9.034472931953695252e+01
-3.739999999999999432e+02 9.037756881484938276e+01
-3.699999999999999432e+02 9.039197398036782261e+01
-3.659999999999999432e+02 9.038975183644930667e+01
-3.619999999999999432e+02 9.037293718513490148e+01
-3.579999999999998863e+02 9.034370852873564672e+01
-3.539999999999998863e+02 9.030430507899342274e+01
-3.499999999999999432e+02 9.025694731546889216e+01
-3.459999999999999432e+02 9.020376365484429471e+01
-3.419999999999998863e+02 9.014672602673158508e+01
-3.379999999999999432e+02 9.008759664589354088e+01
-3.339999999999998863e+02 9.002788794023149421e+01
-3.299999999999998863e+02 8.996883670194011984e+01
-3.259999999999999432e+02 8.991139279065868095e+01
-3.219999999999999432e+02 8.985622171095843669e+01
-3.179999999999998863e+02 8.980371986862638778e+01
-3.139999999999999432e+02 8.975404064992977737e+01
-3.099999999999998863e+02 8.970712920611509844e+01
-3.059999999999998863e+02 8.966276364694920176e+01
-3.019999999999999432e+02 8.962060024292424032e+01
-2.979999999999999432e+02 8.958022039459876851e+01
-2.939999999999999432e+02 8.954117695119219889e+01
-2.899999999999999432e+02 8.950303764469072121e+01
-2.859999999999998863e+02 8.946542341883315430e+01
-2.819999999999998863e+02 8.942803955346596467e+01
-2.779999999999999432e+02 8.939069788387024573e+01
-2.739999999999999432e+02 8.935332881655494930e+01
-2.699999999999999432e+02 8.931598238012503543e+01
-2.659999999999999432e+02 8.927881853395786038e+01
-2.619999999999998863e+02 8.924208774028409152e+01
-2.579999999999998863e+02 8.920610365600794012e+01
-2.539999999999999147e+02 8.917121056314022098e+01
-2.499999999999999432e+02 8.913774848264949924e+01
-2.459999999999998863e+02 8.910601923237658184e+01
-2.419999999999999147e+02 8.907625636886211851e+01
-2.379999999999999432e+02 8.904860161624321790e+01
-2.339999999999998863e+02 8.902308974549356435e+01
-2.299999999999999147e+02 8.899964309893914560e+01
-2.259999999999999432e+02 8.897807604872389220e+01
-2.219999999999998863e+02 8.895810899263597094e+01
-2.179999999999999147e+02 8.893939071334040136e+01
-2.139999999999999432e+02 8.892152718680904400e+01
-2.099999999999998863e+02 8.890411445014473202e+01
-2.059999999999999147e+02 8.888677265859450927e+01
-2.019999999999999432e+02 8.886917830351796965e+01
-1.979999999999998863e+02 8.885109166154711602e+01
-1.939999999999999147e+02 8.883237681902653549e+01
-1.899999999999999147e+02 8.881301225180231995e+01
-1.859999999999998863e+02 8.879309081968665396e+01
-1.819999999999999147e+02 8.877280915679824602e+01
-1.779999999999999147e+02 8.875244740034412416e+01
-1.739999999999998863e+02 8.873234125310983700e+01
-1.699999999999999147e+02 8.871284912084666985e+01
-1.659999999999999147e+02 8.869431742330323232e+01
-1.619999999999998863e+02 8.867704751197447877e+01
-1.579999999999999147e+02 8.866126713643996027e+01
-1.539999999999999147e+02 8.864710916378112415e+01
-1.499999999999998863e+02 8.863459936056614197e+01
-1.459999999999999147e+02 8.862365428166140191e+01
-1.419999999999999147e+02 8.861408950553845898e+01
-1.379999999999998863e+02 8.860563736986574668e+01
-1.339999999999999147e+02 8.859797269433852307e+01
-1.299999999999999147e+02 8.859074404258728919e+01
-1.259999999999998863e+02 8.858360756389822654e+01
-1.219999999999999005e+02 8.857626001348307909e+01
-1.179999999999999147e+02 8.856846756816878496e+01
-1.139999999999998863e+02 8.856008719366190007e+01
-1.099999999999999005e+02 8.855107811708177223e+01
-1.059999999999999147e+02 8.854150192748005566e+01
-1.019999999999999289e+02 8.853151100484734570e+01
-9.799999999999990052e+01 8.852132634998781668e+01
-9.399999999999991473e+01 8.851120710752667264e+01
-8.999999999999992895e+01 8.850141508786077793e+01
-8.599999999999990052e+01 8.849217834755160084e+01
-8.199999999999991473e+01 8.848365814228520776e+01
-7.799999999999992895e+01 8.847592345838626215e+01
-7.399999999999990052e+01 8.846893685460696588e+01
-6.999999999999991473e+01 8.846255453151599113e+01
-6.599999999999992895e+01 8.845654240713975014e+01
-6.199999999999989342e+01 8.845060849605414433e+01
-5.799999999999990763e+01 8.844445041130728669e+01
-5.399999999999992895e+01 8.843781518998736146e+01
-4.999999999999989342e+01 8.843056710420955824e+01
-4.599999999999990763e+01 8.842275833693344111e+01
-4.199999999999992895e+01 8.841469715123213291e+01
-3.799999999999989342e+01 8.840700907475127224e+01
-3.399999999999990763e+01 8.840068861113218190e+01
-2.999999999999992539e+01 8.839714115208090561e+01
-2.599999999999988987e+01 8.839821673718671491e+01
-2.199999999999990408e+01 8.840623789913928476e+01
-1.799999999999986855e+01 8.842402143245271873e+01
-1.399999999999988631e+01 8.845488791832104880e+01
-9.999999999999904077e+00 8.850264277980113548e+01
-5.999999999999920952e+00 8.857149924492949822e+01
-1.999999999999938494e+00 8.866589957923315524e+01
2.000000000000150102e+00 8.879018356903645781e+01
6.000000000000133227e+00 8.894806451715533058e+01
1.000000000000011546e+01 8.914191977014837676e+01
1.400000000000009948e+01 8.937199449550786312e+01
1.800000000000008171e+01 8.963573693494885219e+01
2.200000000000006395e+01 8.992756397785819900e+01
2.600000000000004619e+01 9.023929464841495474e+01
3.000000000000013500e+01 9.056142977106895842e+01
3.400000000000012079e+01 9.087705811135219847e+01
3.800000000000009948e+01 9.116982575591691784e+01
4.200000000000008527e+01 9.143490232948585117e+01
4.600000000000007105e+01 9.167278576117195144e+01
5.000000000000004974e+01 9.188587658107161360e+01
5.400000000000014211e+01 9.207203752779469141e+01
5.800000000000012079e+01 9.221585596478900015e+01
6.200000000000010658e+01 9.223286835812223217e+01
6.600000000000008527e+01 9.203810064683250403e+01
7.000000000000007105e+01 9.110234352437640837e+01
