-4.979999999999999432e+02 9.113487690188327406e+01
-4.939999999999999432e+02 9.152413964545388581e+01
-4.899999999999999432e+02 9.174271983649981621e+01
-4.859999999999998863e+02 9.189205731659143339e+01
-4.819999999999998863e+02 9.199500449594171414e+01
-4.779999999999998863e+02 9.206022882837368115e+01
-4.739999999999999432e+02 9.209270267593075232e+01
-4.699999999999999432e+02 9.209692559288635039e+01
-4.659999999999998863e+02 9.207774111038389719e+01
-4.619999999999999432e+02 9.204023121383676198e+01
-4.579999999999999432e+02 9.198931081374155383e+01
-4.539999999999998863e+02 9.192933173784439305e+01
-4.499999999999999432e+02 9.186503172030626274e+01
-4.459999999999999432e+02 9.179797047408027311e+01
-4.419999999999998863e+02 9.172993956606461552e+01
-4.379999999999999432e+02 9.166199945701902152e+01
-4.339999999999999432e+02 9.159472359976450662e+01
-4.299999999999998863e+02 9.152835831920219789e+01
-4.259999999999999432e+02 9.146296728332168868e+01
-4.219999999999999432e+02 9.139855159610431201e+01
-4.179999999999999432e+02 9.133514094746220735e+01
-4.139999999999999432e+02 9.127285414897596638e+01
-4.099999999999999432e+02 9.121192984667607107e+01
-4.059999999999998863e+02 9.115273000034051165e+01
-4.019999999999999432e+02 9.109572046701481440e+01
-3.979999999999999432e+02 9.104143434147403013e+01
-3.939999999999999432e+02 9.099042452465874931e+01
-3.899999999999999432e+02 9.094321225403052722e+01
-3.859999999999999432e+02 9.090023798359067086e+01
-3.819999999999998863e+02 9.086182006879425899e+01
-3.779999999999999432e+02 9.082812536332568243e+01
-3.739999999999999432e+02 9.079915433079531795e+01
-3.699999999999999432e+02 9.077474156284534956e+01
-3.659999999999999432e+02 9.075457103794212799e+01
-3.619999999999999432e+02 9.073820396749226802e+01
-3.579999999999998863e+02 9.072511602853586510e+01
-3.539999999999998863e+02 9.071473992827225175e+01
-3.499999999999999432e+02 9.070650899100093056e+01
-3.459999999999999432e+02 9.069989742587978299e+01
-3.419999999999998863e+02 9.069445362469895144e+01
-3.379999999999999432e+02 9.068982357293361929e+01
-3.339999999999998863e+02 9.068576279360132730e+01
-3.299999999999998863e+02 9.068213637788716142e+01
-3.259999999999999432e+02 9.067890793528937365e+01
-3.219999999999999432e+02 9.067611947208501988e+01
-3.179999999999998863e+02 9.067386489632792745e+01
-3.139999999999999432e+02 9.067226041401920611e+01
-3.099999999999998863e+02 9.067141507141161583e+01
-3.059999999999998863e+02 9.067140458535772041e+01
-3.019999999999999432e+02 9.067225103398027386e+01
-2.979999999999999432e+02 9.067391023587339305e+01
-2.939999999999999432e+02 9.067626783972104931e+01
-2.899999999999999432e+02 9.067914418443069735e+01
-2.859999999999998863e+02 9.068230707220163822e+01
-2.819999999999998863e+02 9.068549088112303025e+01
-2.779999999999999432e+02 9.068841980268501857e+01
-2.739999999999999432e+02 9.069083254958570706e+01
-2.699999999999999432e+02 9.069250584055043873e+01
-2.659999999999999432e+02 9.069327403508003727e+01
-2.619999999999998863e+02 9.069304280669314267e+01
-2.579999999999998863e+02 9.069179538106448035e+01
-2.539999999999999147e+02 9.068959065330119529e+01
-2.499999999999999432e+02 9.068655348358771562e+01
-2.459999999999998863e+02 9.068285815545755213e+01
-2.419999999999999147e+02 9.067870691067355438e+01
-2.379999999999999432e+02 9.067430579791090395e+01
-2.339999999999998863e+02 9.066984038687121483e+01
-2.299999999999999147e+02 9.066545392237009082e+01
-2.259999999999999432e+02 9.066123013839427358e+01
-2.219999999999998863e+02 9.065718246653108281e+01
-2.179999999999999147e+02 9.065325072942965789e+01
-2.139999999999999432e+02 9.064930562140108350e+01
-2.099999999999998863e+02 9.064516048235759627e+01
-2.059999999999999147e+02 9.064058912344563623e+01
-2.019999999999999432e+02 9.063534784546993706e+01
-1.979999999999998863e+02 9.062919932511630350e+01
-1.939999999999999147e+02 9.062193588498672625e+01
-1.899999999999999147e+02 9.061339967372504134e+01
-1.859999999999998863e+02 9.060349756050550241e+01
-1.819999999999999147e+02 9.059220920257502030e+01
-1.779999999999999147e+02 9.057958739486281274e+01
-1.739999999999998863e+02 9.056575065206743602e+01
-1.699999999999999147e+02 9.055086884329739405e+01
-1.659999999999999147e+02 9.053514339228428298e+01
-1.619999999999998863e+02 9.051877975487440153e+01
-1.579999999999999147e+02 9.050200895330266349e+01
-1.539999999999999147e+02 9.048501474140732626e+01
-1.499999999999998863e+02 9.046790277376783251e+01
-1.459999999999999147e+02 9.045071025823068567e+01
-1.419999999999999147e+02 9.043340130804534738e+01
-1.379999999999998863e+02 9.041587017587607988e+01
-1.339999999999999147e+02 9.039795210531775638e+01
-1.299999999999999147e+02 9.037944075582259984e+01
-1.259999999999998863e+02 9.036011045201178149e+01
-1.219999999999999005e+02 9.033974097655396918e+01
-1.179999999999999147e+02 9.031814234728506108e+01
-1.139999999999998863e+02 9.029517687425158101e+01
-1.099999999999999005e+02 9.027077606837292478e+01
-1.059999999999999147e+02 9.024495041455423916e+01
-1.019999999999999289e+02 9.021779077133680858e+01
-9.799999999999990052e+01 9.018946094311161232e+01
-9.399999999999991473e+01 9.016018194262596808e+01
-8.999999999999992895e+01 9.013020934603719070e+01
-8.599999999999990052e+01 9.009980584359999511e+01
-8.199999999999991473e+01 9.006921168939214795e+01
-7.799999999999992895e+01 9.003861600360323791e+01
-7.399999999999990052e+01 9.000813204796548916e+01
-6.999999999999991473e+01 8.997777934494297369e+01
-6.599999999999992895e+01 8.994747514862837079e+01
-6.199999999999989342e+01 8.991703738852311290e+01
-5.799999999999990763e+01 8.988620033623112704e+01
-5.399999999999992895e+01 8.985464359936509027e+01
-4.999999999999989342e+01 8.982203398050819487e+01
-4.599999999999990763e+01 8.978807874438803083e+01
-4.199999999999992895e+01 8.975258767462793230e+01
-3.799999999999989342e+01 8.971548370917901138e+01
-3.399999999999990763e+01 8.967677585626699965e+01
-2.999999999999992539e+01 8.963691467752533981e+01
-2.599999999999988987e+01 8.959667507190761171e+01
-2.199999999999990408e+01 8.955720082957316208e+01
-1.799999999999986855e+01 8.952003672085032804e+01
-1.399999999999988631e+01 8.948715550302785005e+01
-9.999999999999904077e+00 8.946098370596746463e+01
-5.999999999999920952e+00 8.944442665664047354e+01
-1.999999999999938494e+00 8.944088410476592799e+01
2.000000000000150102e+00 8.945365939451050963e+01
6.000000000000133227e+00 8.948830968656614004e+01
1.000000000000011546e+01 8.954924276375919590e+01
1.400000000000009948e+01 8.963985323131839777e+01
1.800000000000008171e+01 8.976248021376011366e+01
2.200000000000006395e+01 8.991781223560741410e+01
2.600000000000004619e+01 9.010430573145549715e+01
3.000000000000013500e+01 9.031869895219512046e+01
3.400000000000012079e+01 9.055129864787437555e+01
3.800000000000009948e+01 9.079103319931249416e+01
4.200000000000008527e+01 9.102598050208354152e+01
4.600000000000007105e+01 9.124469973142447543e+01
5.000000000000004974e+01 9.143667474923421423e+01
5.400000000000014211e+01 9.159102695782326009e+01
5.800000000000012079e+01 9.169248826040262657e+01
6.200000000000010658e+01 9.172101620605639027e+01
6.600000000000008527e+01 9.163240125558547788e+01
7.000000000000007105e+01 9.122495429091480901e+01
