-4.979999999999999432e+02 8.328384238124658623e+01
-4.939999999999999432e+02 8.402119196568128245e+01
-4.899999999999999432e+02 8.451256693406509157e+01
-4.859999999999998863e+02 8.491792260455724772e+01
-4.819999999999998863e+02 8.527845356977496749e+01
-4.779999999999998863e+02 8.560414697391496475e+01
-4.739999999999999432e+02 8.589032954424124000e+01
-4.699999999999999432e+02 8.613127278083658211e+01
-4.659999999999998863e+02 8.632684644706017707e+01
-4.619999999999999432e+02 8.648301408085785624e+01
-4.579999999999999432e+02 8.660990973866029208e+01
-4.539999999999998863e+02 8.671927503924217717e+01
-4.499999999999999432e+02 8.682232412178734648e+01
-4.459999999999999432e+02 8.692840161069875649e+01
-4.419999999999998863e+02 8.704435953385109315e+01
-4.379999999999999432e+02 8.717441214533675975e+01
-4.339999999999999432e+02 8.732024191623531806e+01
-4.299999999999998863e+02 8.748124130171424895e+01
-4.259999999999999432e+02 8.765446103378155840e+01
-4.219999999999999432e+02 8.783480687335855919e+01
-4.179999999999999432e+02 8.801750659246647501e+01
-4.139999999999999432e+02 8.819770494765299418e+01
-4.099999999999999432e+02 8.836948796034755560e+01
-4.059999999999998863e+02 8.852726106966946418e+01
-4.019999999999999432e+02 8.866618983567195755e+01
-3.979999999999999432e+02 8.878252786860741708e+01
-3.939999999999999432e+02 8.887380512147865375e+01
-3.899999999999999432e+02 8.893887164620815611e+01
-3.859999999999999432e+02 8.897781300271714144e+01
-3.819999999999998863e+02 8.899176998472916011e+01
-3.779999999999999432e+02 8.898270404684558343e+01
-3.739999999999999432e+02 8.895314992930747167e+01
-3.699999999999999432e+02 8.890598928421724167e+01
-3.659999999999999432e+02 8.884426638157282241e+01
-3.619999999999999432e+02 8.877105244149959162e+01
-3.579999999999998863e+02 8.868935244403178331e+01
-3.539999999999998863e+02 8.860204007677356230e+01
-3.499999999999999432e+02 8.851180441814261712e+01
-3.459999999999999432e+02 8.842109576071260335e+01
-3.419999999999998863e+02 8.833206569540453756e+01
-3.379999999999999432e+02 8.824650530303398455e+01
-3.339999999999998863e+02 8.816579151822287486e+01
-3.299999999999998863e+02 8.809085384014974807e+01
-3.259999999999999432e+02 8.802217080649444370e+01
-3.219999999999999432e+02 8.795979963585551786e+01
-3.179999999999998863e+02 8.790343556157239391e+01
-3.139999999999999432e+02 8.785249186321351544e+01
-3.099999999999998863e+02 8.780618863589512557e+01
-3.059999999999998863e+02 8.776363885562290079e+01
-3.019999999999999432e+02 8.772392304186212186e+01
-2.979999999999999432e+02 8.768614810951220306e+01
-2.939999999999999432e+02 8.764949026756528383e+01
-2.899999999999999432e+02 8.761322516144144856e+01
-2.859999999999998863e+02 8.757675007512244747e+01
-2.819999999999998863e+02 8.753960248538021460e+01
-2.779999999999999432e+02 8.750147736172186796e+01
-2.739999999999999432e+02 8.746224268731486973e+01
-2.699999999999999432e+02 8.742194989764504953e+01
-2.659999999999999432e+02 8.738083448158801048e+01
-2.619999999999998863e+02 8.733930218148418589e+01
-2.579999999999998863e+02 8.729789834665956505e+01
-2.539999999999999147e+02 8.725726134683236523e+01
-2.499999999999999432e+02 8.721806438153782892e+01
-2.459999999999998863e+02 8.718095267108407143e+01
-2.419999999999999147e+02 8.714648393989483566e+01
-2.379999999999999432e+02 8.711506670660708096e+01
-2.339999999999998863e+02 8.708694311149480427e+01
-2.299999999999999147e+02 8.706220306446073209e+01
-2.259999999999999432e+02 8.704072050048569054e+01
-2.219999999999998863e+02 8.702218819821365514e+01
-2.179999999999999147e+02 8.700613991486432042e+01
-2.139999999999999432e+02 8.699198141862319744e+01
-2.099999999999998863e+02 8.697902887936243133e+01
-2.059999999999999147e+02 8.696655369842591199e+01
-2.019999999999999432e+02 8.695383275412655166e+01
-1.979999999999998863e+02 8.694020217242103854e+01
-1.939999999999999147e+02 8.692511124139298317e+01
-1.899999999999999147e+02 8.690817158381543095e+01
-1.859999999999998863e+02 8.688919578066014537e+01
-1.819999999999999147e+02 8.686821977470731326e+01
-1.779999999999999147e+02 8.684550481322509086e+01
-1.739999999999998863e+02 8.682151726467725439e+01
-1.699999999999999147e+02 8.679688778358143963e+01
-1.659999999999999147e+02 8.677235443256864755e+01
-1.619999999999998863e+02 8.674869658857733157e+01
-1.579999999999999147e+02 8.672666740691869336e+01
-1.539999999999999147e+02 8.670693229812968639e+01
-1.499999999999998863e+02 8.669001927722212031e+01
-1.459999999999999147e+02 8.667628498277832705e+01
-1.419999999999999147e+02 8.666589800086813966e+01
-1.379999999999998863e+02 8.665883932195765738e+01
-1.339999999999999147e+02 8.665491848559793198e+01
-1.299999999999999147e+02 8.665380307723881970e+01
-1.259999999999998863e+02 8.665505852422660382e+01
-1.219999999999999005e+02 8.665819446389332370e+01
-1.179999999999999147e+02 8.666271309991191174e+01
-1.139999999999998863e+02 8.666815428359586804e+01
-1.099999999999999005e+02 8.667413181362758223e+01
-1.059999999999999147e+02 8.668035589623855230e+01
-1.019999999999999289e+02 8.668663829160533396e+01
-9.799999999999990052e+01 8.669287910264915809e+01
-9.399999999999991473e+01 8.669903736712683440e+01
-8.999999999999992895e+01 8.670509064687399814e+01
-8.599999999999990052e+01 8.671099144685132387e+01
-8.199999999999991473e+01 8.671662943693507941e+01
-7.799999999999992895e+01 8.672180803851756536e+01
-7.399999999999990052e+01 8.672624182970321272e+01
-6.999999999999991473e+01 8.672957760407189198e+01
-6.599999999999992895e+01 8.673143789353775901e+01
-6.199999999999989342e+01 8.673148195244107228e+01
-5.799999999999990763e+01 8.672947714402351949e+01
-5.399999999999992895e+01 8.672537416560726342e+01
-4.999999999999989342e+01 8.671938288886309465e+01
-4.599999999999990763e+01 8.671205143050372044e+01
-4.199999999999992895e+01 8.670435728713567869e+01
-3.799999999999989342e+01 8.669782356600893536e+01
-3.399999999999990763e+01 8.669467175933755243e+01
-2.999999999999992539e+01 8.669801287097271825e+01
-2.599999999999988987e+01 8.671205983603545064e+01
-2.199999999999990408e+01 8.674231742017258284e+01
-1.799999999999986855e+01 8.679567563486739346e+01
-1.399999999999988631e+01 8.688030509317951555e+01
-9.999999999999904077e+00 8.700523539787940308e+01
-5.999999999999920952e+00 8.717950089671086289e+01
-1.999999999999938494e+00 8.741077706830105853e+01
2.000000000000150102e+00 8.770352742764652021e+01
6.000000000000133227e+00 8.805773872579561612e+01
1.000000000000011546e+01 8.846867625324114215e+01
1.400000000000009948e+01 8.892077132851318311e+01
1.800000000000008171e+01 8.938805794527615944e+01
2.200000000000006395e+01 8.983606421118327034e+01
2.600000000000004619e+01 9.024453516709502310e+01
3.000000000000013500e+01 9.055555211922683156e+01
3.400000000000012079e+01 9.072140455484657195e+01
3.800000000000009948e+01 9.076394378526924811e+01
4.200000000000008527e+01 9.069886609504266062e+01
4.600000000000007105e+01 9.057127908426122076e+01
5.000000000000004974e+01 9.043744884697684938e+01
5.400000000000014211e+01 9.034084254290405624e+01
5.800000000000012079e+01 9.029779417680748566e+01
6.200000000000010658e+01 9.030281239456007825e+01
