-4.979999999999999432e+02 8.508559821420215030e+01
-4.939999999999999432e+02 8.555912462921810402e+01
-4.899999999999999432e+02 8.586734565468321989e+01
-4.859999999999998863e+02 8.611178161410703069e+01
-4.819999999999998863e+02 8.632315029173219045e+01
-4.779999999999998863e+02 8.651189204017219936e+01
-4.739999999999999432e+02 8.668205680781829869e+01
-4.699999999999999432e+02 8.683662050865291349e+01
-4.659999999999998863e+02 8.697948663667483515e+01
-4.619999999999999432e+02 8.711573468796729003e+01
-4.579999999999999432e+02 8.725101681862696523e+01
-4.539999999999998863e+02 8.739073236231132569e+01
-4.499999999999999432e+02 8.753933744714748855e+01
-4.459999999999999432e+02 8.769992033590233405e+01
-4.419999999999998863e+02 8.787403834960082349e+01
-4.379999999999999432e+02 8.806175754393592570e+01
-4.339999999999999432e+02 8.826152657656047040e+01
-4.299999999999998863e+02 8.846965631648788531e+01
-4.259999999999999432e+02 8.868383520510394646e+01
-4.219999999999999432e+02 8.890026563187711872e+01
-4.179999999999999432e+02 8.911522275200746890e+01
-4.139999999999999432e+02 8.932498766935947287e+01
-4.099999999999999432e+02 8.952604000136028617e+01
-4.059999999999998863e+02 8.971520699128592469e+01
-4.019999999999999432e+02 8.988976921153442845e+01
-3.979999999999999432e+02 9.004752657174589103e+01
-3.939999999999999432e+02 9.018683082402304763e+01
-3.899999999999999432e+02 9.030658734321144721e+01
-3.859999999999999432e+02 9.040570762936420124e+01
-3.819999999999998863e+02 9.048446314155148684e+01
-3.779999999999999432e+02 9.054341330772643914e+01
-3.739999999999999432e+02 9.058352997015367691e+01
-3.699999999999999432e+02 9.060613901798154757e+01
-3.659999999999999432e+02 9.061285572750665551e+01
-3.619999999999999432e+02 9.060551520869347542e+01
-3.579999999999998863e+02 9.058609957354531161e+01
-3.539999999999998863e+02 9.055666395917080536e+01
-3.499999999999999432e+02 9.051926392003741739e+01
-3.459999999999999432e+02 9.047588699757648101e+01
-3.419999999999998863e+02 9.042839118966901424e+01
-3.379999999999999432e+02 9.037845282307011985e+01
-3.339999999999998863e+02 9.032752576090007324e+01
-3.299999999999998863e+02 9.027681321640778833e+01
-3.259999999999999432e+02 9.022725268501648088e+01
-3.219999999999999432e+02 9.017951383772805229e+01
-3.179999999999998863e+02 9.013400868333826566e+01
-3.139999999999999432e+02 9.009091266520198360e+01
-3.099999999999998863e+02 9.005019516930912005e+01
-3.059999999999998863e+02 9.001165747176230525e+01
-3.019999999999999432e+02 8.997497598319426970e+01
-2.979999999999999432e+02 8.993974842076391951e+01
-2.939999999999999432e+02 8.990554035449127923e+01
-2.899999999999999432e+02 8.987192953183523514e+01
-2.859999999999998863e+02 8.983854538481142527e+01
-2.819999999999998863e+02 8.980510129675775488e+01
-2.779999999999999432e+02 8.977141762747032772e+01
-2.739999999999999432e+02 8.973743402288971538e+01
-2.699999999999999432e+02 8.970321039571365418e+01
-2.659999999999999432e+02 8.966891014506876445e+01
-2.619999999999998863e+02 8.963482515350335689e+01
-2.579999999999998863e+02 8.960129434690514927e+01
-2.539999999999999147e+02 8.956866727497236980e+01
-2.499999999999999432e+02 8.953728614284113974e+01
-2.459999999999998863e+02 8.950745190428159503e+01
-2.419999999999999147e+02 8.947939455430412181e+01
-2.379999999999999432e+02 8.945325032918492525e+01
-2.339999999999998863e+02 8.942904756864447791e+01
-2.299999999999999147e+02 8.940670242140777191e+01
-2.259999999999999432e+02 8.938602469205653733e+01
-2.219999999999998863e+02 8.936673317541823280e+01
-2.179999999999999147e+02 8.934847922851730573e+01
-2.139999999999999432e+02 8.933087645663846388e+01
-2.099999999999998863e+02 8.931353393554513787e+01
-2.059999999999999147e+02 8.929608996643020191e+01
-2.019999999999999432e+02 8.927824328927584929e+01
-1.979999999999998863e+02 8.925977881369044553e+01
-1.939999999999999147e+02 8.924058533698450901e+01
-1.899999999999999147e+02 8.922066355931121961e+01
-1.859999999999998863e+02 8.920012352444808812e+01
-1.819999999999999147e+02 8.917917174019237336e+01
-1.779999999999999147e+02 8.915808922047699525e+01
-1.739999999999998863e+02 8.913720261109671128e+01
-1.699999999999999147e+02 8.911685126794850476e+01
-1.659999999999999147e+02 8.909735342224666965e+01
-1.619999999999998863e+02 8.907897469997215012e+01
-1.579999999999999147e+02 8.906190193462470006e+01
-1.539999999999999147e+02 8.904622467725590695e+01
-1.499999999999998863e+02 8.903192611147062507e+01
-1.459999999999999147e+02 8.901888420532515056e+01
-1.419999999999999147e+02 8.900688301414254511e+01
-1.379999999999998863e+02 8.899563312233954093e+01
-1.339999999999999147e+02 8.898479937762465397e+01
-1.299999999999999147e+02 8.897403328308564596e+01
-1.259999999999998863e+02 8.896300694475110049e+01
-1.219999999999999005e+02 8.895144509526772936e+01
-1.179999999999999147e+02 8.893915182895517546e+01
-1.139999999999998863e+02 8.892602908743890566e+01
-1.099999999999999005e+02 8.891208462317200656e+01
-1.059999999999999147e+02 8.889742822985158455e+01
-1.019999999999999289e+02 8.888225633158907613e+01
-9.799999999999990052e+01 8.886682614437376060e+01
-9.399999999999991473e+01 8.885142194576218344e+01
-8.999999999999992895e+01 8.883631678161270884e+01
-8.599999999999990052e+01 8.882173367406659281e+01
-8.199999999999991473e+01 8.880781064045083895e+01
-7.799999999999992895e+01 8.879457370663482152e+01
-7.399999999999990052e+01 8.878192165919563195e+01
-6.999999999999991473e+01 8.876962555334341687e+01
-6.599999999999992895e+01 8.875734500695045881e+01
-6.199999999999989342e+01 8.874466197108000642e+01
-5.799999999999990763e+01 8.873113117960593854e+01
-5.399999999999992895e+01 8.871634491377102449e+01
-4.999999999999989342e+01 8.870000805451246606e+01
-4.599999999999990763e+01 8.868201809496508758e+01
-4.199999999999992895e+01 8.866254406846155689e+01
-3.799999999999989342e+01 8.864209839852634332e+01
-3.399999999999990763e+01 8.862159688668390345e+01
-2.999999999999992539e+01 8.860240379494496210e+01
-2.599999999999988987e+01 8.858636118823562811e+01
-2.199999999999990408e+01 8.857580303530005494e+01
-1.799999999999986855e+01 8.857355410553441288e+01
-1.399999999999988631e+01 8.858291032408988031e+01
-9.999999999999904077e+00 8.860759028443698071e+01
-5.999999999999920952e+00 8.865163768401055222e+01
-1.999999999999938494e+00 8.871924341951074666e+01
2.000000000000150102e+00 8.881444963960029781e+01
6.000000000000133227e+00 8.894070483144344053e+01
1.000000000000011546e+01 8.910027195192077443e+01
1.400000000000009948e+01 8.929355864410462118e+01
1.800000000000008171e+01 8.951853040824909158e+01
2.200000000000006395e+01 8.977044145878363679e+01
2.600000000000004619e+01 9.004210007398796733e+01
3.000000000000013500e+01 9.032492220641000813e+01
3.400000000000012079e+01 9.060911896311012015e+01
3.800000000000009948e+01 9.087656789459060747e+01
4.200000000000008527e+01 9.112262272194038815e+01
4.600000000000007105e+01 9.134790343831815562e+01
5.000000000000004974e+01 9.155550772244674818e+01
5.400000000000014211e+01 9.174541392839415721e+01
5.800000000000012079e+01 9.190738435027515152e+01
6.200000000000010658e+01 9.198991390108386668e+01
6.600000000000008527e+01 9.194595009613692582e+01
7.000000000000007105e+01 9.148444093707200864e+01
