-4.979999999999999432e+02 9.094422404267760385e+01
-4.939999999999999432e+02 9.131864554069665019e+01
-4.899999999999999432e+02 9.154339558894008633e+01
-4.859999999999998863e+02 9.169857779322308033e+01
-4.819999999999998863e+02 9.180754711478948593e+01
-4.779999999999998863e+02 9.187876469340130825e+01
-4.739999999999999432e+02 9.191671670492422663e+01
-4.699999999999999432e+02 9.192540543700289390e+01
-4.659999999999998863e+02 9.190931433999321598e+01
-4.619999999999999432e+02 9.187334679517908853e+01
-4.579999999999999432e+02 9.182239955074510362e+01
-4.539999999999998863e+02 9.176092011357343381e+01
-4.499999999999999432e+02 9.169260895138614842e+01
-4.459999999999999432e+02 9.162030167397796276e+01
-4.419999999999998863e+02 9.154623822809469402e+01
-4.379999999999999432e+02 9.147220210723594391e+01
-4.339999999999999432e+02 9.139822697646133065e+01
-4.299999999999998863e+02 9.132465282336107748e+01
-4.259999999999999432e+02 9.125164705288989353e+01
-4.219999999999999432e+02 9.117931783917805433e+01
-4.179999999999999432e+02 9.110779981405300987e+01
-4.139999999999999432e+02 9.103731074287634328e+01
-4.099999999999999432e+02 9.096817976231972125e+01
-4.059999999999998863e+02 9.090084959716540425e+01
-4.019999999999999432e+02 9.083585659269073176e+01
-3.979999999999999432e+02 9.077379395462446610e+01
-3.939999999999999432e+02 9.071526433819832391e+01
-3.899999999999999432e+02 9.066082847378527276e+01
-3.859999999999999432e+02 9.061095617901025889e+01
-3.819999999999998863e+02 9.056598525297391689e+01
-3.779999999999999432e+02 9.052609246110762342e+01
-3.739999999999999432e+02 9.049127922469864416e+01
-3.699999999999999432e+02 9.046137304222122566e+01
-3.659999999999999432e+02 9.043604392354376387e+01
-3.619999999999999432e+02 9.041483374674788820e+01
-3.579999999999998863e+02 9.039719523963935899e+01
-3.539999999999998863e+02 9.038253645651997203e+01
-3.499999999999999432e+02 9.037026623394194758e+01
-3.459999999999999432e+02 9.035983622135529458e+01
-3.419999999999998863e+02 9.035077556322215742e+01
-3.379999999999999432e+02 9.034271526953773446e+01
-3.339999999999998863e+02 9.033540056128413198e+01
-3.299999999999998863e+02 9.032869076577554779e+01
-3.259999999999999432e+02 9.032254767306500298e+01
-3.219999999999999432e+02 9.031701441202653768e+01
-3.179999999999998863e+02 9.031218771417775315e+01
-3.139999999999999432e+02 9.030818699223021895e+01
-3.099999999999998863e+02 9.030512365284874932e+01
-3.059999999999998863e+02 9.030307389256375927e+01
-3.019999999999999432e+02 9.030205766019969360e+01
-2.979999999999999432e+02 9.030202568371697680e+01
-2.939999999999999432e+02 9.030285558923299050e+01
-2.899999999999999432e+02 9.030435712083334465e+01
-2.859999999999998863e+02 9.030628564035799855e+01
-2.819999999999998863e+02 9.030836222295812377e+01
-2.779999999999999432e+02 9.031029801277526303e+01
-2.739999999999999432e+02 9.031182011096478846e+01
-2.699999999999999432e+02 9.031269614332444462e+01
-2.659999999999999432e+02 9.031275477765802862e+01
-2.619999999999998863e+02 9.031189995707887874e+01
-2.579999999999998863e+02 9.031011730363616152e+01
-2.539999999999999147e+02 9.030747199770280531e+01
-2.499999999999999432e+02 9.030409839113576709e+01
-2.459999999999998863e+02 9.030018251835338106e+01
-2.419999999999999147e+02 9.029593941326470485e+01
-2.379999999999999432e+02 9.029158766817505466e+01
-2.339999999999998863e+02 9.028732393008783674e+01
-2.299999999999999147e+02 9.028329996027736115e+01
-2.259999999999999432e+02 9.027960465761594833e+01
-2.219999999999998863e+02 9.027625282042436083e+01
-2.179999999999999147e+02 9.027318177074954519e+01
-2.139999999999999432e+02 9.027025614394398190e+01
-2.099999999999998863e+02 9.026728033561829534e+01
-2.059999999999999147e+02 9.026401731570410902e+01
-2.019999999999999432e+02 9.026021182654085351e+01
-1.979999999999998863e+02 9.025561559366485653e+01
-1.939999999999999147e+02 9.025001185816330462e+01
-1.899999999999999147e+02 9.024323664640058951e+01
-1.859999999999998863e+02 9.023519452108962469e+01
-1.819999999999999147e+02 9.022586708801867417e+01
-1.779999999999999147e+02 9.021531336108546384e+01
-1.739999999999998863e+02 9.020366194957392736e+01
-1.699999999999999147e+02 9.019109591701476347e+01
-1.659999999999999147e+02 9.017783196502006149e+01
-1.619999999999998863e+02 9.016409613197885164e+01
-1.579999999999999147e+02 9.015009866352386325e+01
-1.539999999999999147e+02 9.013601065508561305e+01
-1.499999999999998863e+02 9.012194493662707373e+01
-1.459999999999999147e+02 9.010794322220931463e+01
-1.419999999999999147e+02 9.009397085511125169e+01
-1.379999999999998863e+02 9.007991975908618087e+01
-1.339999999999999147e+02 9.006561936967210613e+01
-1.299999999999999147e+02 9.005085444509217041e+01
-1.259999999999998863e+02 9.003538804437209819e+01
-1.219999999999999005e+02 9.001898726315590693e+01
-1.179999999999999147e+02 9.000144903681666619e+01
-1.139999999999998863e+02 8.998262320905183742e+01
-1.099999999999999005e+02 8.996243028968439148e+01
-1.059999999999999147e+02 8.994087181411816800e+01
-1.019999999999999289e+02 8.991803189817238717e+01
-9.799999999999990052e+01 8.989406957705853074e+01
-9.399999999999991473e+01 8.986920240933210380e+01
-8.999999999999992895e+01 8.984368284529170978e+01
-8.599999999999990052e+01 8.981776957342441392e+01
-8.199999999999991473e+01 8.979169672858409967e+01
-7.799999999999992895e+01 8.976564418815166846e+01
-7.399999999999990052e+01 8.973971218974821795e+01
-6.999999999999991473e+01 8.971390343036352988e+01
-6.599999999999992895e+01 8.968811536244027138e+01
-6.199999999999989342e+01 8.966206027527334754e+01
-5.799999999999990763e+01 8.963543346668933509e+01
-5.399999999999992895e+01 8.960789902535015017e+01
-4.999999999999989342e+01 8.957910514658567536e+01
-4.599999999999990763e+01 8.954874644390048388e+01
-4.199999999999992895e+01 8.951662629538895999e+01
-3.799999999999989342e+01 8.948272276398517988e+01
-3.399999999999990763e+01 8.944725343667801098e+01
-2.999999999999992539e+01 8.941073465552960897e+01
-2.599999999999988987e+01 8.937403191637832833e+01
-2.199999999999990408e+01 8.933840048370728937e+01
-1.799999999999986855e+01 8.930551803444598136e+01
-1.399999999999988631e+01 8.927751332073370349e+01
-9.999999999999904077e+00 8.925667620152955806e+01
-5.999999999999920952e+00 8.924627187436738041e+01
-1.999999999999938494e+00 8.925115038389571964e+01
2.000000000000150102e+00 8.927534699210343661e+01
6.000000000000133227e+00 8.932301137566133775e+01
1.000000000000011546e+01 8.939810258031064905e+01
1.400000000000009948e+01 8.950395519813446299e+01
1.800000000000008171e+01 8.964272643680675401e+01
2.200000000000006395e+01 8.981478283167012933e+01
2.600000000000004619e+01 9.001814006918215227e+01
3.000000000000013500e+01 9.024880068477398254e+01
3.400000000000012079e+01 9.049817471517616241e+01
3.800000000000009948e+01 9.075284083087120734e+01
4.200000000000008527e+01 9.100094631027991454e+01
4.600000000000007105e+01 9.123176666851003347e+01
5.000000000000004974e+01 9.143593070433831826e+01
5.400000000000014211e+01 9.160368742292638444e+01
5.800000000000012079e+01 9.171978721464040518e+01
6.200000000000010658e+01 9.176185941078136921e+01
6.600000000000008527e+01 9.168317151944603438e+01
7.000000000000007105e+01 9.127620326263860306e+01
