-4.979999999999999432e+02 9.802784540013578862e+01
-4.939999999999999432e+02 9.832424805107058319e+01
-4.899999999999999432e+02 9.848237665042489652e+01
-4.859999999999998863e+02 9.856385354438197055e+01
-4.819999999999998863e+02 9.859050306021515553e+01
-4.779999999999998863e+02 9.857528474765200599e+01
-4.739999999999999432e+02 9.852949783175711218e+01
-4.699999999999999432e+02 9.846231242763280989e+01
-4.659999999999998863e+02 9.838231840465721234e+01
-4.619999999999999432e+02 9.829660576503721359e+01
-4.579999999999999432e+02 9.821049178630750021e+01
-4.539999999999998863e+02 9.812771097149305888e+01
-4.499999999999999432e+02 9.805069278492106832e+01
-4.459999999999999432e+02 9.798123771113625935e+01
-4.419999999999998863e+02 9.792325932542280498e+01
-4.379999999999999432e+02 9.787553314509534630e+01
-4.339999999999999432e+02 9.783735593329947733e+01
-4.299999999999998863e+02 9.780785293396877478e+01
-4.259999999999999432e+02 9.778608250961207204e+01
-4.219999999999999432e+02 9.777111608708361246e+01
-4.179999999999999432e+02 9.776209694525402938e+01
-4.139999999999999432e+02 9.775827983639447893e+01
-4.099999999999999432e+02 9.775905284997827493e+01
-4.059999999999998863e+02 9.776394316165090004e+01
-4.019999999999999432e+02 9.777230029271726153e+01
-3.979999999999999432e+02 9.778349481607102689e+01
-3.939999999999999432e+02 9.779745055626540307e+01
-3.899999999999999432e+02 9.781412482251249685e+01
-3.859999999999999432e+02 9.783349208084246129e+01
-3.819999999999998863e+02 9.785551723813358649e+01
-3.779999999999999432e+02 9.788013435649986604e+01
-3.739999999999999432e+02 9.790723244673057479e+01
-3.699999999999999432e+02 9.793664904754143663e+01
-3.659999999999999432e+02 9.796817140402970381e+01
-3.619999999999999432e+02 9.800154425578006112e+01
-3.579999999999998863e+02 9.803648268426815093e+01
-3.539999999999998863e+02 9.807268807794037002e+01
-3.499999999999999432e+02 9.810986513609663007e+01
-3.459999999999999432e+02 9.814773791505797362e+01
-3.419999999999998863e+02 9.818606324229642723e+01
-3.379999999999999432e+02 9.822464020818415520e+01
-3.339999999999998863e+02 9.826331500074275027e+01
-3.299999999999998863e+02 9.830198090144881462e+01
-3.259999999999999432e+02 9.834057378525824333e+01
-3.219999999999999432e+02 9.837906392294217994e+01
-3.179999999999998863e+02 9.841744522564317776e+01
-3.139999999999999432e+02 9.845572325415713522e+01
-3.099999999999998863e+02 9.849390332777278445e+01
-3.059999999999998863e+02 9.853197997991242119e+01
-3.019999999999999432e+02 9.856992882686125768e+01
-2.979999999999999432e+02 9.860770154877189952e+01
-2.939999999999999432e+02 9.864522432821030407e+01
-2.899999999999999432e+02 9.868239974188998076e+01
-2.859999999999998863e+02 9.871911169363227145e+01
-2.819999999999998863e+02 9.875523270676058019e+01
-2.779999999999999432e+02 9.879063268134086684e+01
-2.739999999999999432e+02 9.882518805409080187e+01
-2.699999999999999432e+02 9.885879034763638629e+01
-2.659999999999999432e+02 9.889135318053149604e+01
-2.619999999999998863e+02 9.892281695461451818e+01
-2.579999999999998863e+02 9.895315078970946843e+01
-2.539999999999999147e+02 9.898235153972052558e+01
-2.499999999999999432e+02 9.901044004807573629e+01
-2.459999999999998863e+02 9.903745512829601694e+01
-2.419999999999999147e+02 9.906344594652409796e+01
-2.379999999999999432e+02 9.908846367165284619e+01
-2.339999999999998863e+02 9.911255328185615099e+01
-2.299999999999999147e+02 9.913574641100348117e+01
-2.259999999999999432e+02 9.915805594720916361e+01
-2.219999999999998863e+02 9.917947293445917012e+01
-2.179999999999999147e+02 9.919996601455767404e+01
-2.139999999999999432e+02 9.921948342728643411e+01
-2.099999999999998863e+02 9.923795730184320973e+01
-2.059999999999999147e+02 9.925530972032851196e+01
-2.019999999999999432e+02 9.927145986845715697e+01
-1.979999999999998863e+02 9.928633150389413231e+01
-1.939999999999999147e+02 9.929985990561880271e+01
-1.899999999999999147e+02 9.931199758073029216e+01
-1.859999999999998863e+02 9.932271812014965917e+01
-1.819999999999999147e+02 9.933201781162398447e+01
-1.779999999999999147e+02 9.933991484239192005e+01
-1.739999999999998863e+02 9.934644618784733439e+01
-1.699999999999999147e+02 9.935166251705896912e+01
-1.659999999999999147e+02 9.935562163439090000e+01
-1.619999999999998863e+02 9.935838109136597041e+01
-1.579999999999999147e+02 9.935999072562367473e+01
-1.539999999999999147e+02 9.936048581194330609e+01
-1.499999999999998863e+02 9.935988148256052455e+01
-1.459999999999999147e+02 9.935816889224867055e+01
-1.419999999999999147e+02 9.935531349021340475e+01
-1.379999999999998863e+02 9.935125552088351242e+01
-1.339999999999999147e+02 9.934591269043818329e+01
-1.299999999999999147e+02 9.933918479044149308e+01
-1.259999999999998863e+02 9.933095984095501763e+01
-1.219999999999999005e+02 9.932112127177231287e+01
-1.179999999999999147e+02 9.930960359150043359e+01
-1.139999999999998863e+02 9.929696784286045386e+01
-1.099999999999999005e+02 9.928340099313822975e+01
-1.059999999999999147e+02 9.926894102935904129e+01
-1.019999999999999289e+02 9.925366026847410694e+01
-9.799999999999990052e+01 9.923766643302843704e+01
-9.399999999999991473e+01 9.922095751418680720e+01
-8.999999999999992895e+01 9.920295289843431874e+01
-8.599999999999990052e+01 9.918367602414019757e+01
-8.199999999999991473e+01 9.916325357162588716e+01
-7.799999999999992895e+01 9.914180379897163675e+01
-7.399999999999990052e+01 9.911942049376273189e+01
-6.999999999999991473e+01 9.909615518832362113e+01
-6.599999999999992895e+01 9.907199859262016162e+01
-6.199999999999989342e+01 9.904686259021366368e+01
-5.799999999999990763e+01 9.902056452383277474e+01
-5.399999999999992895e+01 9.899281590885027526e+01
-4.999999999999989342e+01 9.896321811072806440e+01
-4.599999999999990763e+01 9.893126760639017903e+01
-4.199999999999992895e+01 9.889637334029481508e+01
-3.799999999999989342e+01 9.885788809236765928e+01
-3.399999999999990763e+01 9.881515463397045096e+01
-2.999999999999992539e+01 9.876756580264571994e+01
-2.599999999999988987e+01 9.871463562931523938e+01
-2.199999999999990408e+01 9.865603936393858930e+01
-1.799999999999986855e+01 9.859400464574588341e+01
-1.399999999999988631e+01 9.853053863787442879e+01
-9.999999999999904077e+00 9.846696804583012863e+01
-5.999999999999920952e+00 9.840505838280142825e+01
-1.999999999999938494e+00 9.834692897715757454e+01
2.000000000000150102e+00 9.829490211209957806e+01
6.000000000000133227e+00 9.825096621736781799e+01
1.000000000000011546e+01 9.821454235156897994e+01
1.400000000000009948e+01 9.818687978501475300e+01
1.800000000000008171e+01 9.816862285683549771e+01
2.200000000000006395e+01 9.815914880649751240e+01
2.600000000000004619e+01 9.815605921349413165e+01
3.000000000000013500e+01 9.815469900311751417e+01
3.400000000000012079e+01 9.814785628105215665e+01
3.800000000000009948e+01 9.812582832618244311e+01
4.200000000000008527e+01 9.807697112622781788e+01
4.600000000000007105e+01 9.798860506123969571e+01
5.000000000000004974e+01 9.784810273526170477e+01
5.400000000000014211e+01 9.765071583218036722e+01
5.800000000000012079e+01 9.739823505179532503e+01
6.200000000000010658e+01 9.710123798424109509e+01
6.600000000000008527e+01 9.678904788436557283e+01
7.000000000000007105e+01 9.631381654378230905e+01
7.400000000000005684e+01 9.548662254521082104e+01
