-4.979999999999999432e+02 9.309986806484550925e+01
-4.939999999999999432e+02 9.342911175345886932e+01
-4.899999999999999432e+02 9.362317186607094754e+01
-4.859999999999998863e+02 9.374578946579634930e+01
-4.819999999999998863e+02 9.381920706924012165e+01
-4.779999999999998863e+02 9.385396760357599533e+01
-4.739999999999999432e+02 9.385797345804451197e+01
-4.699999999999999432e+02 9.383774167846257797e+01
-4.659999999999998863e+02 9.379945659811062342e+01
-4.619999999999999432e+02 9.374902210125725333e+01
-4.579999999999999432e+02 9.369148663823204970e+01
-4.539999999999998863e+02 9.363089562569194868e+01
-4.499999999999999432e+02 9.357026172391556429e+01
-4.459999999999999432e+02 9.351260486970880947e+01
-4.419999999999998863e+02 9.346003118114191466e+01
-4.379999999999999432e+02 9.341209119067582378e+01
-4.339999999999999432e+02 9.336866805495145627e+01
-4.299999999999998863e+02 9.332939735067895981e+01
-4.259999999999999432e+02 9.329379606790615753e+01
-4.219999999999999432e+02 9.326136719088640348e+01
-4.179999999999999432e+02 9.323167813719817332e+01
-4.139999999999999432e+02 9.320441261966277580e+01
-4.099999999999999432e+02 9.317939687217278788e+01
-4.059999999999998863e+02 9.315660256631639413e+01
-4.019999999999999432e+02 9.313613010398461256e+01
-3.979999999999999432e+02 9.311817707310285641e+01
-3.939999999999999432e+02 9.310299733743346451e+01
-3.899999999999999432e+02 9.309085640276759932e+01
-3.859999999999999432e+02 9.308198830284561609e+01
-3.819999999999998863e+02 9.307655858017591299e+01
-3.779999999999999432e+02 9.307463667413577468e+01
-3.739999999999999432e+02 9.307617991922217016e+01
-3.699999999999999432e+02 9.308102991660103953e+01
-3.659999999999999432e+02 9.308892077701852941e+01
-3.619999999999999432e+02 9.309949762725079836e+01
-3.579999999999998863e+02 9.311234285938837729e+01
-3.539999999999998863e+02 9.312700703621703724e+01
-3.499999999999999432e+02 9.314304110467674036e+01
-3.459999999999999432e+02 9.316002656351673750e+01
-3.419999999999998863e+02 9.317760076517237167e+01
-3.379999999999999432e+02 9.319547511724704236e+01
-3.339999999999998863e+02 9.321344477151581032e+01
-3.299999999999998863e+02 9.323138944070450407e+01
-3.259999999999999432e+02 9.324926581223382982e+01
-3.219999999999999432e+02 9.326709295454730864e+01
-3.179999999999998863e+02 9.328493271355387151e+01
-3.139999999999999432e+02 9.330286743468826671e+01
-3.099999999999998863e+02 9.332097754146661828e+01
-3.059999999999998863e+02 9.333931092717142519e+01
-3.019999999999999432e+02 9.335787342995416793e+01
-2.979999999999999432e+02 9.337664688780716915e+01
-2.939999999999999432e+02 9.339555302250846580e+01
-2.899999999999999432e+02 9.341446419967400061e+01
-2.859999999999998863e+02 9.343321238632995573e+01
-2.819999999999998863e+02 9.345160292977823246e+01
-2.779999999999999432e+02 9.346943149791087535e+01
-2.739999999999999432e+02 9.348650227095373566e+01
-2.699999999999999432e+02 9.350264535163489654e+01
-2.659999999999999432e+02 9.351773149324873202e+01
-2.619999999999998863e+02 9.353168255851579715e+01
-2.579999999999998863e+02 9.354447659198444853e+01
-2.539999999999999147e+02 9.355614704440802143e+01
-2.499999999999999432e+02 9.356677630182122130e+01
-2.459999999999998863e+02 9.357648417613381753e+01
-2.419999999999999147e+02 9.358541271572062215e+01
-2.379999999999999432e+02 9.359370899211114647e+01
-2.339999999999998863e+02 9.360150766044341708e+01
-2.299999999999999147e+02 9.360891513986376822e+01
-2.259999999999999432e+02 9.361599702242369858e+01
-2.219999999999998863e+02 9.362277006326792161e+01
-2.179999999999999147e+02 9.362919946330674748e+01
-2.139999999999999432e+02 9.363520169489117961e+01
-2.099999999999998863e+02 9.364065256180657570e+01
-2.059999999999999147e+02 9.364539958559294064e+01
-2.019999999999999432e+02 9.364927738052756467e+01
-1.979999999999998863e+02 9.365212133812207185e+01
-1.939999999999999147e+02 9.365382242109069466e+01
-1.899999999999999147e+02 9.365428367431184142e+01
-1.859999999999998863e+02 9.365345326218141508e+01
-1.819999999999999147e+02 9.365133105922899404e+01
-1.779999999999999147e+02 9.364796869100081267e+01
-1.739999999999998863e+02 9.364346408064767502e+01
-1.699999999999999147e+02 9.363795112543209598e+01
-1.659999999999999147e+02 9.363158562927048933e+01
-1.619999999999998863e+02 9.362452893558196365e+01
-1.579999999999999147e+02 9.361693104919299913e+01
-1.539999999999999147e+02 9.360891499435973628e+01
-1.499999999999998863e+02 9.360056403089390642e+01
-1.459999999999999147e+02 9.359191303962683151e+01
-1.419999999999999147e+02 9.358294498802973749e+01
-1.379999999999998863e+02 9.357359286268138021e+01
-1.339999999999999147e+02 9.356374692636660484e+01
-1.299999999999999147e+02 9.355326665423956456e+01
-1.259999999999998863e+02 9.354199616906919346e+01
-1.219999999999999005e+02 9.352978175140202666e+01
-1.179999999999999147e+02 9.351648970737096533e+01
-1.139999999999998863e+02 9.350202280556158030e+01
-1.099999999999999005e+02 9.348633365676562335e+01
-1.059999999999999147e+02 9.346943367873274155e+01
-1.019999999999999289e+02 9.345139656986083310e+01
-9.799999999999990052e+01 9.343235583560897339e+01
-9.399999999999991473e+01 9.341249631748019056e+01
-8.999999999999992895e+01 9.339204026631824718e+01
-8.599999999999990052e+01 9.337122889896284050e+01
-8.199999999999991473e+01 9.335030075221732204e+01
-7.799999999999992895e+01 9.332946843066014253e+01
-7.399999999999990052e+01 9.330889546641566312e+01
-6.999999999999991473e+01 9.328867508303420664e+01
-6.599999999999992895e+01 9.326881273658830196e+01
-6.199999999999989342e+01 9.324921425438304823e+01
-5.799999999999990763e+01 9.322968134201926205e+01
-5.399999999999992895e+01 9.320991615262988716e+01
-4.999999999999989342e+01 9.318953640360979307e+01
-4.599999999999990763e+01 9.316790809807019969e+01
-4.199999999999992895e+01 9.314415068553330457e+01
-3.799999999999989342e+01 9.311775109998859534e+01
-3.399999999999990763e+01 9.308826201739918815e+01
-2.999999999999992539e+01 9.305535900558351159e+01
-2.599999999999988987e+01 9.301890290797376792e+01
-2.199999999999990408e+01 9.297900230503847752e+01
-1.799999999999986855e+01 9.293594289107579698e+01
-1.399999999999988631e+01 9.289225898651528723e+01
-9.999999999999904077e+00 9.284994023391089968e+01
-5.999999999999920952e+00 9.281106660752084281e+01
-1.999999999999938494e+00 9.277810947825514631e+01
2.000000000000150102e+00 9.275382678689089744e+01
6.000000000000133227e+00 9.274109636116452293e+01
1.000000000000011546e+01 9.274267138483315875e+01
1.400000000000009948e+01 9.276083883370830563e+01
1.800000000000008171e+01 9.279696743488830180e+01
2.200000000000006395e+01 9.285095666406635928e+01
2.600000000000004619e+01 9.292064921134243605e+01
3.000000000000013500e+01 9.300133927592258942e+01
3.400000000000012079e+01 9.308556904321471848e+01
3.800000000000009948e+01 9.316341167688051428e+01
4.200000000000008527e+01 9.322336045778979496e+01
4.600000000000007105e+01 9.325379180020996728e+01
5.000000000000004974e+01 9.324479591672701417e+01
5.400000000000014211e+01 9.318516332139478209e+01
5.800000000000012079e+01 9.305241188731974944e+01
6.200000000000010658e+01 9.282181838781770011e+01
6.600000000000008527e+01 9.251351776973933738e+01
7.000000000000007105e+01 9.202584838635812048e+01
