-4.979999999999999432e+02 9.052621665230236658e+01
-4.939999999999999432e+02 9.092934956127538726e+01
-4.899999999999999432e+02 9.117428755305985533e+01
-4.859999999999998863e+02 9.134813912463317820e+01
-4.819999999999998863e+02 9.147573006034332366e+01
-4.779999999999998863e+02 9.156479205723405812e+01
-4.739999999999999432e+02 9.161822537155023838e+01
-4.699999999999999432e+02 9.163846199293539030e+01
-4.659999999999998863e+02 9.162891029446518587e+01
-4.619999999999999432e+02 9.159402343966138460e+01
-4.579999999999999432e+02 9.153878425579063105e+01
-4.539999999999998863e+02 9.146809379819870855e+01
-4.499999999999999432e+02 9.138631145834722247e+01
-4.459999999999999432e+02 9.129701528744237748e+01
-4.419999999999998863e+02 9.120295180586549577e+01
-4.379999999999999432e+02 9.110611125222936835e+01
-4.339999999999999432e+02 9.100786778277739586e+01
-4.299999999999998863e+02 9.090914068039847962e+01
-4.259999999999999432e+02 9.081054944008985785e+01
-4.219999999999999432e+02 9.071254789478348357e+01
-4.179999999999999432e+02 9.061553032586124345e+01
-4.139999999999999432e+02 9.051990700451756311e+01
-4.099999999999999432e+02 9.042614923266495452e+01
-4.059999999999998863e+02 9.033480590227890161e+01
-4.019999999999999432e+02 9.024649506504744068e+01
-3.979999999999999432e+02 9.016187554759670775e+01
-3.939999999999999432e+02 9.008160484205171770e+01
-3.899999999999999432e+02 9.000629018003854753e+01
-3.859999999999999432e+02 8.993643975588753392e+01
-3.819999999999998863e+02 8.987242036165633863e+01
-3.779999999999999432e+02 8.981442647327543227e+01
-3.739999999999999432e+02 8.976246420706598883e+01
-3.699999999999999432e+02 8.971635168255193094e+01
-3.659999999999999432e+02 8.967573555272309704e+01
-3.619999999999999432e+02 8.964012173322964827e+01
-3.579999999999998863e+02 8.960891694133624696e+01
-3.539999999999998863e+02 8.958147664793659715e+01
-3.499999999999999432e+02 8.955715456905863903e+01
-3.459999999999999432e+02 8.953534875229667023e+01
-3.419999999999998863e+02 8.951553986172768873e+01
-3.379999999999999432e+02 8.949731831282213079e+01
-3.339999999999998863e+02 8.948039819942937356e+01
-3.299999999999998863e+02 8.946461747201789194e+01
-3.259999999999999432e+02 8.944992535751669038e+01
-3.219999999999999432e+02 8.943635924662169145e+01
-3.179999999999998863e+02 8.942401432831280772e+01
-3.139999999999999432e+02 8.941300967853169368e+01
-3.099999999999998863e+02 8.940345469337842133e+01
-3.059999999999998863e+02 8.939541943396039869e+01
-3.019999999999999432e+02 8.938891182840262672e+01
-2.979999999999999432e+02 8.938386383015358660e+01
-2.939999999999999432e+02 8.938012756912166878e+01
-2.899999999999999432e+02 8.937748156743214167e+01
-2.859999999999998863e+02 8.937564601527407149e+01
-2.819999999999998863e+02 8.937430526659761654e+01
-2.779999999999999432e+02 8.937313493893282157e+01
-2.739999999999999432e+02 8.937183064153640544e+01
-2.699999999999999432e+02 8.937013513610901327e+01
-2.659999999999999432e+02 8.936786094268785519e+01
-2.619999999999998863e+02 8.936490590122997446e+01
-2.579999999999998863e+02 8.936125997863649673e+01
-2.539999999999999147e+02 8.935700254744898530e+01
-2.499999999999999432e+02 8.935229046085606797e+01
-2.459999999999998863e+02 8.934733818288668772e+01
-2.419999999999999147e+02 8.934239215440084081e+01
-2.379999999999999432e+02 8.933770206215803000e+01
-2.339999999999998863e+02 8.933349206650041197e+01
-2.299999999999999147e+02 8.932993493526186057e+01
-2.259999999999999432e+02 8.932713169083444882e+01
-2.219999999999998863e+02 8.932509883814907425e+01
-2.179999999999999147e+02 8.932376440102490278e+01
-2.139999999999999432e+02 8.932297314964324642e+01
-2.099999999999998863e+02 8.932250048520262453e+01
-2.059999999999999147e+02 8.932207356976721258e+01
-2.019999999999999432e+02 8.932139755476208620e+01
-1.979999999999998863e+02 8.932018423225196102e+01
-1.939999999999999147e+02 8.931818014088770497e+01
-1.899999999999999147e+02 8.931519119397461282e+01
-1.859999999999998863e+02 8.931110120564329691e+01
-1.819999999999999147e+02 8.930588233714610169e+01
-1.779999999999999147e+02 8.929959636626784913e+01
-1.739999999999998863e+02 8.929238662174708452e+01
-1.699999999999999147e+02 8.928446142604411762e+01
-1.659999999999999147e+02 8.927607084871874576e+01
-1.619999999999998863e+02 8.926747927449423514e+01
-1.579999999999999147e+02 8.925893660147187347e+01
-1.539999999999999147e+02 8.925065113748672729e+01
-1.499999999999998863e+02 8.924276700309695798e+01
-1.459999999999999147e+02 8.923534835419167166e+01
-1.419999999999999147e+02 8.922837205382955972e+01
-1.379999999999998863e+02 8.922172959983947749e+01
-1.339999999999999147e+02 8.921523813106176704e+01
-1.299999999999999147e+02 8.920865945912976258e+01
-1.259999999999998863e+02 8.920172517057221739e+01
-1.219999999999999005e+02 8.919416521593581137e+01
-1.179999999999999147e+02 8.918573694612894087e+01
-1.139999999999998863e+02 8.917625139634554898e+01
-1.099999999999999005e+02 8.916559383787415527e+01
-1.059999999999999147e+02 8.915373613500179317e+01
-1.019999999999999289e+02 8.914073730108486870e+01
-9.799999999999990052e+01 8.912674172701417774e+01
-9.399999999999991473e+01 8.911198589789637481e+01
-8.999999999999992895e+01 8.909671794814698842e+01
-8.599999999999990052e+01 8.908119093798086396e+01
-8.199999999999991473e+01 8.906562866061153727e+01
-7.799999999999992895e+01 8.905019310498181540e+01
-7.399999999999990052e+01 8.903495755166534309e+01
-6.999999999999991473e+01 8.901988895458021034e+01
-6.599999999999992895e+01 8.900484270150593602e+01
-6.199999999999989342e+01 8.898957206684434595e+01
-5.799999999999990763e+01 8.897375355012354703e+01
-5.399999999999992895e+01 8.895702796016996672e+01
-4.999999999999989342e+01 8.893905578286711489e+01
-4.599999999999990763e+01 8.891958380399398720e+01
-4.199999999999992895e+01 8.889851882363058166e+01
-3.799999999999989342e+01 8.887600343294559480e+01
-3.399999999999990763e+01 8.885248867744280687e+01
-2.999999999999992539e+01 8.882879911079493240e+01
-2.599999999999988987e+01 8.880618692555054849e+01
-2.199999999999990408e+01 8.878637338756567488e+01
-1.799999999999986855e+01 8.877157662543834249e+01
-1.399999999999988631e+01 8.876452416796598754e+01
-9.999999999999904077e+00 8.876844551885244528e+01
-5.999999999999920952e+00 8.878703374821299121e+01
-1.999999999999938494e+00 8.882435622097278838e+01
2.000000000000150102e+00 8.888468496719991663e+01
6.000000000000133227e+00 8.897221177721246477e+01
1.000000000000011546e+01 8.909062046761721376e+01
1.400000000000009948e+01 8.924251917340455975e+01
1.800000000000008171e+01 8.942879437536583964e+01
2.200000000000006395e+01 8.964802363679166319e+01
2.600000000000004619e+01 8.989613540097553823e+01
3.000000000000013500e+01 9.016647159768763231e+01
3.400000000000012079e+01 9.045174631582142410e+01
3.800000000000009948e+01 9.073444420299688318e+01
4.200000000000008527e+01 9.100324745635930412e+01
4.600000000000007105e+01 9.125139165935587471e+01
5.000000000000004974e+01 9.147451478873966835e+01
5.400000000000014211e+01 9.166718802840824765e+01
5.800000000000012079e+01 9.181656717003170343e+01
6.200000000000010658e+01 9.188706372092502761e+01
6.600000000000008527e+01 9.182924575978847770e+01
7.000000000000007105e+01 9.140530191941786597e+01
