-4.979999999999999432e+02 8.406294154989797107e+01
-4.939999999999999432e+02 8.464902013711662221e+01
-4.899999999999999432e+02 8.503363931839805900e+01
-4.859999999999998863e+02 8.534475593185572961e+01
-4.819999999999998863e+02 8.561964836766878761e+01
-4.779999999999998863e+02 8.586785408026992172e+01
-4.739999999999999432e+02 8.609001056351780790e+01
-4.699999999999999432e+02 8.628604731378658244e+01
-4.659999999999998863e+02 8.645851144437204994e+01
-4.619999999999999432e+02 8.661293729337722880e+01
-4.579999999999999432e+02 8.675672847436817392e+01
-4.539999999999998863e+02 8.689767542663071254e+01
-4.499999999999999432e+02 8.704272660582216758e+01
-4.459999999999999432e+02 8.719679121889413409e+01
-4.419999999999998863e+02 8.736288259609733586e+01
-4.379999999999999432e+02 8.754267836586637941e+01
-4.339999999999999432e+02 8.773585540776434755e+01
-4.299999999999998863e+02 8.794045157531775203e+01
-4.259999999999999432e+02 8.815320087059990328e+01
-4.219999999999999432e+02 8.836991028965547912e+01
-4.179999999999999432e+02 8.858584940107635930e+01
-4.139999999999999432e+02 8.879612667072069598e+01
-4.099999999999999432e+02 8.899602925201304515e+01
-4.059999999999998863e+02 8.918130713299149193e+01
-4.019999999999999432e+02 8.934803473905589044e+01
-3.979999999999999432e+02 8.949366087408668591e+01
-3.939999999999999432e+02 8.961657842052102296e+01
-3.899999999999999432e+02 8.971575438995409968e+01
-3.859999999999999432e+02 8.979099623501053884e+01
-3.819999999999998863e+02 8.984286715435445103e+01
-3.779999999999999432e+02 8.987257178909004551e+01
-3.739999999999999432e+02 8.988182719333644854e+01
-3.699999999999999432e+02 8.987273142203531506e+01
-3.659999999999999432e+02 8.984763856321575304e+01
-3.619999999999999432e+02 8.980904527409524007e+01
-3.579999999999998863e+02 8.975949051219754438e+01
-3.539999999999998863e+02 8.970146818940600042e+01
-3.499999999999999432e+02 8.963735158776114531e+01
-3.459999999999999432e+02 8.956932883308348892e+01
-3.419999999999998863e+02 8.949934958673156871e+01
-3.379999999999999432e+02 8.942908404941380240e+01
-3.339999999999998863e+02 8.935989591858322001e+01
-3.299999999999998863e+02 8.929283047631355430e+01
-3.259999999999999432e+02 8.922861827298260096e+01
-3.219999999999999432e+02 8.916769342261363818e+01
-3.179999999999998863e+02 8.911022435995641899e+01
-3.139999999999999432e+02 8.905615397241723485e+01
-3.099999999999998863e+02 8.900524561637246279e+01
-3.059999999999998863e+02 8.895713163236359833e+01
-3.019999999999999432e+02 8.891136150894953971e+01
-2.979999999999999432e+02 8.886744748279028272e+01
-2.939999999999999432e+02 8.882490611121835400e+01
-2.899999999999999432e+02 8.878329479275930680e+01
-2.859999999999998863e+02 8.874224251788683659e+01
-2.819999999999998863e+02 8.870147401636182849e+01
-2.779999999999999432e+02 8.866082643056711277e+01
-2.739999999999999432e+02 8.862025747184509328e+01
-2.699999999999999432e+02 8.857984190716223338e+01
-2.659999999999999432e+02 8.853978008099420549e+01
-2.619999999999998863e+02 8.850035386229922096e+01
-2.579999999999998863e+02 8.846189821403828546e+01
-2.539999999999999147e+02 8.842477650815646939e+01
-2.499999999999999432e+02 8.838934504479630050e+01
-2.459999999999998863e+02 8.835591846878924116e+01
-2.419999999999999147e+02 8.832473925908283263e+01
-2.379999999999999432e+02 8.829595398227104397e+01
-2.339999999999998863e+02 8.826959817501364114e+01
-2.299999999999999147e+02 8.824559078816696456e+01
-2.259999999999999432e+02 8.822373843354978362e+01
-2.219999999999998863e+02 8.820374878488007653e+01
-2.179999999999999147e+02 8.818525205732004224e+01
-2.139999999999999432e+02 8.816782893412232625e+01
-2.099999999999998863e+02 8.815104299747559935e+01
-2.059999999999999147e+02 8.813447529360274757e+01
-2.019999999999999432e+02 8.811775835314540473e+01
-1.979999999999998863e+02 8.810060678948917712e+01
-1.939999999999999147e+02 8.808284156122158493e+01
-1.899999999999999147e+02 8.806440533973056972e+01
-1.859999999999998863e+02 8.804536716113500461e+01
-1.819999999999999147e+02 8.802591548992148773e+01
-1.779999999999999147e+02 8.800634012697008757e+01
-1.739999999999998863e+02 8.798700465284287020e+01
-1.699999999999999147e+02 8.796831215141514804e+01
-1.659999999999999147e+02 8.795066774042362567e+01
-1.619999999999998863e+02 8.793444160052791858e+01
-1.579999999999999147e+02 8.791993606588965804e+01
-1.539999999999999147e+02 8.790735980172689779e+01
-1.499999999999998863e+02 8.789681126660150312e+01
-1.459999999999999147e+02 8.788827276029860514e+01
-1.419999999999999147e+02 8.788161546591288698e+01
-1.379999999999998863e+02 8.787661494357263336e+01
-1.339999999999999147e+02 8.787297575229388258e+01
-1.299999999999999147e+02 8.787036297181117561e+01
-1.259999999999998863e+02 8.786843773066624408e+01
-1.219999999999999005e+02 8.786689318956803163e+01
-1.179999999999999147e+02 8.786548705779335933e+01
-1.139999999999998863e+02 8.786406675029280677e+01
-1.099999999999999005e+02 8.786258374139907801e+01
-1.059999999999999147e+02 8.786109476531163409e+01
-1.019999999999999289e+02 8.785974881431724270e+01
-9.799999999999990052e+01 8.785876070350070677e+01
-9.399999999999991473e+01 8.785837384543270900e+01
-8.999999999999992895e+01 8.785881635574025950e+01
-8.599999999999990052e+01 8.786025606876290794e+01
-8.199999999999991473e+01 8.786276048611540546e+01
-7.799999999999992895e+01 8.786626785332998679e+01
-7.399999999999990052e+01 8.787057486706208920e+01
-6.999999999999991473e+01 8.787534523450989354e+01
-6.599999999999992895e+01 8.788014148347821219e+01
-6.199999999999989342e+01 8.788448017331842266e+01
-5.799999999999990763e+01 8.788790820775460588e+01
-5.399999999999992895e+01 8.789009570724630294e+01
-4.999999999999989342e+01 8.789093914944709240e+01
-4.599999999999990763e+01 8.789066766095618277e+01
-4.199999999999992895e+01 8.788994571459375038e+01
-3.799999999999989342e+01 8.788996662073418520e+01
-3.399999999999990763e+01 8.789253263422972395e+01
-2.999999999999992539e+01 8.790011825304395643e+01
-2.599999999999988987e+01 8.791591179279686230e+01
-2.199999999999990408e+01 8.794382614483913585e+01
-1.799999999999986855e+01 8.798846221691962910e+01
-1.399999999999988631e+01 8.805499779693087703e+01
-9.999999999999904077e+00 8.814896257386237721e+01
-5.999999999999920952e+00 8.827584911657788780e+01
-1.999999999999938494e+00 8.844050772429125118e+01
2.000000000000150102e+00 8.864629388991602355e+01
6.000000000000133227e+00 8.889400137888418385e+01
1.000000000000011546e+01 8.918090301654319774e+01
1.400000000000009948e+01 8.949984291771750122e+01
1.800000000000008171e+01 8.983651856491013632e+01
2.200000000000006395e+01 9.017024902233492867e+01
2.600000000000004619e+01 9.047698177886303483e+01
3.000000000000013500e+01 9.074266654727580317e+01
3.400000000000012079e+01 9.094606753405611244e+01
3.800000000000009948e+01 9.107585749425561517e+01
4.200000000000008527e+01 9.114412513754166412e+01
4.600000000000007105e+01 9.117531364795723903e+01
5.000000000000004974e+01 9.119914841299834052e+01
5.400000000000014211e+01 9.124050366184292216e+01
5.800000000000012079e+01 9.130711761418251626e+01
6.200000000000010658e+01 9.135365988066956788e+01
