-4.979999999999999432e+02 9.063140346607610809e+01
-4.939999999999999432e+02 9.102440710812987845e+01
-4.899999999999999432e+02 9.126221134385542655e+01
-4.859999999999998863e+02 9.142955404422599486e+01
-4.819999999999998863e+02 9.155076650239448099e+01
-4.779999999999998863e+02 9.163384049237242834e+01
-4.739999999999999432e+02 9.168222872448404814e+01
-4.699999999999999432e+02 9.169890240321745978e+01
-4.659999999999998863e+02 9.168762777313810375e+01
-4.619999999999999432e+02 9.165299126564764265e+01
-4.579999999999999432e+02 9.159991883486742381e+01
-4.539999999999998863e+02 9.153312679058092272e+01
-4.499999999999999432e+02 9.145672074064634671e+01
-4.459999999999999432e+02 9.137399954964701010e+01
-4.419999999999998863e+02 9.128743353853195686e+01
-4.379999999999999432e+02 9.119875680359297121e+01
-4.339999999999999432e+02 9.110911709209233322e+01
-4.299999999999998863e+02 9.101924192067087915e+01
-4.259999999999999432e+02 9.092959517671516778e+01
-4.219999999999999432e+02 9.084051006137281092e+01
-4.179999999999999432e+02 9.075229190441319815e+01
-4.139999999999999432e+02 9.066528881535458595e+01
-4.099999999999999432e+02 9.057993098279433752e+01
-4.059999999999998863e+02 9.049674132585045072e+01
-4.019999999999999432e+02 9.041632173303082709e+01
-3.979999999999999432e+02 9.033932043066073447e+01
-3.939999999999999432e+02 9.026638694258815576e+01
-3.899999999999999432e+02 9.019812159506017224e+01
-3.859999999999999432e+02 9.013502625881159247e+01
-3.819999999999998863e+02 9.007746231897704092e+01
-3.779999999999999432e+02 9.002562054732021579e+01
-3.739999999999999432e+02 8.997950592494106559e+01
-3.699999999999999432e+02 8.993893874129645383e+01
-3.659999999999999432e+02 8.990357149333146936e+01
-3.619999999999999432e+02 8.987291955113425956e+01
-3.579999999999998863e+02 8.984640219518229287e+01
-3.539999999999998863e+02 8.982338969969100617e+01
-3.499999999999999432e+02 8.980325169018226461e+01
-3.459999999999999432e+02 8.978540198799169048e+01
-3.419999999999998863e+02 8.976933575037571700e+01
-3.379999999999999432e+02 8.975465568814036033e+01
-3.339999999999998863e+02 8.974108540340017726e+01
-3.299999999999998863e+02 8.972846943723152435e+01
-3.259999999999999432e+02 8.971676091868368985e+01
-3.219999999999999432e+02 8.970599909074513789e+01
-3.179999999999998863e+02 8.969627977579182243e+01
-3.139999999999999432e+02 8.968772245223311756e+01
-3.099999999999998863e+02 8.968043765019422153e+01
-3.059999999999998863e+02 8.967449811472124566e+01
-3.019999999999999432e+02 8.966991661758709142e+01
-2.979999999999999432e+02 8.966663237472562287e+01
-2.939999999999999432e+02 8.966450718270408515e+01
-2.899999999999999432e+02 8.966333128885020187e+01
-2.859999999999998863e+02 8.966283803492308380e+01
-2.819999999999998863e+02 8.966272549614041054e+01
-2.779999999999999432e+02 8.966268262045321080e+01
-2.739999999999999432e+02 8.966241693737487140e+01
-2.699999999999999432e+02 8.966168077637200895e+01
-2.659999999999999432e+02 8.966029311058372286e+01
-2.619999999999998863e+02 8.965815463583243172e+01
-2.579999999999998863e+02 8.965525440215884601e+01
-2.539999999999999147e+02 8.965166729624195341e+01
-2.499999999999999432e+02 8.964754265626180540e+01
-2.459999999999998863e+02 8.964308524263628897e+01
-2.419999999999999147e+02 8.963853065216898131e+01
-2.379999999999999432e+02 8.963411776332367253e+01
-2.339999999999998863e+02 8.963006113129279129e+01
-2.299999999999999147e+02 8.962652617730230986e+01
-2.259999999999999432e+02 8.962360969804012711e+01
-2.219999999999998863e+02 8.962132762524959162e+01
-2.179999999999999147e+02 8.961961130121801489e+01
-2.139999999999999432e+02 8.961831256029478254e+01
-2.099999999999998863e+02 8.961721710223622495e+01
-2.059999999999999147e+02 8.961606479905077549e+01
-2.019999999999999432e+02 8.961457486079962109e+01
-1.979999999999998863e+02 8.961247325780198025e+01
-1.939999999999999147e+02 8.960951955341067787e+01
-1.899999999999999147e+02 8.960553031659071621e+01
-1.859999999999998863e+02 8.960039665214486604e+01
-1.819999999999999147e+02 8.959409394755090261e+01
-1.779999999999999147e+02 8.958668278393196260e+01
-1.739999999999998863e+02 8.957830093409933170e+01
-1.699999999999999147e+02 8.956914730684383130e+01
-1.659999999999999147e+02 8.955945953842456220e+01
-1.619999999999998863e+02 8.954948764001426298e+01
-1.579999999999999147e+02 8.953946650975240118e+01
-1.539999999999999147e+02 8.952959013355882689e+01
-1.499999999999998863e+02 8.951999024216820544e+01
-1.459999999999999147e+02 8.951072156285596293e+01
-1.419999999999999147e+02 8.950175524917898429e+01
-1.379999999999998863e+02 8.949298121142794571e+01
-1.339999999999999147e+02 8.948421912863079797e+01
-1.299999999999999147e+02 8.947523709624550747e+01
-1.259999999999998863e+02 8.946577602673471574e+01
-1.219999999999999005e+02 8.945557726639185603e+01
-1.179999999999999147e+02 8.944441052376066636e+01
-1.139999999999998863e+02 8.943209902849014270e+01
-1.099999999999999005e+02 8.941853907474023799e+01
-1.059999999999999147e+02 8.940371162536160909e+01
-1.019999999999999289e+02 8.938768443493336235e+01
-9.799999999999990052e+01 8.937060418414569085e+01
-9.399999999999991473e+01 8.935267914458671612e+01
-8.999999999999992895e+01 8.933415397185098072e+01
-8.599999999999990052e+01 8.931527915212313928e+01
-8.199999999999991473e+01 8.929627822384412639e+01
-7.799999999999992895e+01 8.927731633578343917e+01
-7.399999999999990052e+01 8.925847374849848848e+01
-6.999999999999991473e+01 8.923972766972593718e+01
-6.599999999999992895e+01 8.922094541814669810e+01
-6.199999999999989342e+01 8.920189112990948388e+01
-5.799999999999990763e+01 8.918224732751434658e+01
-5.399999999999992895e+01 8.916165160599427963e+01
-4.999999999999989342e+01 8.913974724161647600e+01
-4.599999999999990763e+01 8.911624515790975920e+01
-4.199999999999992895e+01 8.909098660845620543e+01
-3.799999999999989342e+01 8.906406044560850432e+01
-3.399999999999990763e+01 8.903589492960350071e+01
-2.999999999999992539e+01 8.900720789250664211e+01
-2.599999999999988987e+01 8.897913085248438847e+01
-2.199999999999990408e+01 8.895325376744949608e+01
-1.799999999999986855e+01 8.893165629546172113e+01
-1.399999999999988631e+01 8.891692403180724114e+01
-9.999999999999904077e+00 8.891214601386576533e+01
-5.999999999999920952e+00 8.892088464874382225e+01
-1.999999999999938494e+00 8.894710152397817637e+01
2.000000000000150102e+00 8.899501332561692379e+01
6.000000000000133227e+00 8.906884535323916907e+01
1.000000000000011546e+01 8.917245267334885739e+01
1.400000000000009948e+01 8.930880064602774837e+01
1.800000000000008171e+01 8.947934393595483016e+01
2.200000000000006395e+01 8.968341056791581423e+01
2.600000000000004619e+01 8.991775450900723854e+01
3.000000000000013500e+01 9.017643511279538870e+01
3.400000000000012079e+01 9.045254863470341888e+01
3.800000000000009948e+01 9.072909177373458078e+01
4.200000000000008527e+01 9.099440834942754464e+01
4.600000000000007105e+01 9.124006221694094165e+01
5.000000000000004974e+01 9.145974490731993001e+01
5.400000000000014211e+01 9.164645616432363795e+01
5.800000000000012079e+01 9.178634568005548999e+01
6.200000000000010658e+01 9.184885989002373208e+01
6.600000000000008527e+01 9.178494135422971567e+01
7.000000000000007105e+01 9.136899544095285819e+01
