-4.979999999999999432e+02 9.501464418165858206e+01
-4.939999999999999432e+02 9.533568757375087444e+01
-4.899999999999999432e+02 9.551244615538644211e+01
-4.859999999999998863e+02 9.561500217292973502e+01
-4.819999999999998863e+02 9.566563510502959389e+01
-4.779999999999998863e+02 9.567596635163710062e+01
-4.739999999999999432e+02 9.565535155442807991e+01
-4.699999999999999432e+02 9.561242911112356069e+01
-4.659999999999998863e+02 9.555495004984516072e+01
-4.619999999999999432e+02 9.548943549526381958e+01
-4.579999999999999432e+02 9.542103257032647434e+01
-4.539999999999998863e+02 9.535355653164464229e+01
-4.499999999999999432e+02 9.528963671756179110e+01
-4.459999999999999432e+02 9.523090531766706590e+01
-4.419999999999998863e+02 9.517819618050003783e+01
-4.379999999999999432e+02 9.513173743594654752e+01
-4.339999999999999432e+02 9.509182890253197229e+01
-4.299999999999998863e+02 9.505910450006774681e+01
-4.259999999999999432e+02 9.503230952118531150e+01
-4.219999999999999432e+02 9.501066210546701996e+01
-4.179999999999999432e+02 9.499345590152597651e+01
-4.139999999999999432e+02 9.498010487092170706e+01
-4.099999999999999432e+02 9.496994362100690523e+01
-4.059999999999998863e+02 9.496246051237966412e+01
-4.019999999999999432e+02 9.495757364849765736e+01
-3.979999999999999432e+02 9.495527407269310061e+01
-3.939999999999999432e+02 9.495562104480592325e+01
-3.899999999999999432e+02 9.495870531958621541e+01
-3.859999999999999432e+02 9.496461298296566156e+01
-3.819999999999998863e+02 9.497339372290076653e+01
-3.779999999999999432e+02 9.498503649028913287e+01
-3.739999999999999432e+02 9.499945441949415681e+01
-3.699999999999999432e+02 9.501647974614951409e+01
-3.659999999999999432e+02 9.503586834621307844e+01
-3.619999999999999432e+02 9.505731262019151018e+01
-3.579999999999998863e+02 9.508046069669245526e+01
-3.539999999999998863e+02 9.510493944458755777e+01
-3.499999999999999432e+02 9.513037862610491402e+01
-3.459999999999999432e+02 9.515643360181491062e+01
-3.419999999999998863e+02 9.518280429863750669e+01
-3.379999999999999432e+02 9.520924874923287007e+01
-3.339999999999998863e+02 9.523559019453040264e+01
-3.299999999999998863e+02 9.526171741412014171e+01
-3.259999999999999432e+02 9.528757874996568944e+01
-3.219999999999999432e+02 9.531317084305788967e+01
-3.179999999999998863e+02 9.533852364146179070e+01
-3.139999999999999432e+02 9.536368345618933517e+01
-3.099999999999998863e+02 9.538869599918126596e+01
-3.059999999999998863e+02 9.541359113975124728e+01
-3.019999999999999432e+02 9.543837091407613116e+01
-2.979999999999999432e+02 9.546300185314709097e+01
-2.939999999999999432e+02 9.548741222433096709e+01
-2.899999999999999432e+02 9.551149422748272855e+01
-2.859999999999998863e+02 9.553511070889140910e+01
-2.819999999999998863e+02 9.555810545875715434e+01
-2.779999999999999432e+02 9.558031583932523745e+01
-2.739999999999999432e+02 9.560158629917430062e+01
-2.699999999999999432e+02 9.562178120530143133e+01
-2.659999999999999432e+02 9.564079563032038322e+01
-2.619999999999998863e+02 9.565856290798382133e+01
-2.579999999999998863e+02 9.567505818139397888e+01
-2.539999999999999147e+02 9.569029760732638579e+01
-2.499999999999999432e+02 9.570433334401559478e+01
-2.459999999999998863e+02 9.571724492564760567e+01
-2.419999999999999147e+02 9.572912804112092999e+01
-2.379999999999999432e+02 9.574008192398935080e+01
-2.339999999999998863e+02 9.575019670946852557e+01
-2.299999999999999147e+02 9.575954210803604383e+01
-2.259999999999999432e+02 9.576815856662653914e+01
-2.219999999999998863e+02 9.577605183618067031e+01
-2.179999999999999147e+02 9.578319139103621183e+01
-2.139999999999999432e+02 9.578951287857933039e+01
-2.099999999999998863e+02 9.579492423633507769e+01
-2.059999999999999147e+02 9.579931480234949959e+01
-2.019999999999999432e+02 9.580256640144477842e+01
-1.979999999999998863e+02 9.580456522547990517e+01
-1.939999999999999147e+02 9.580521320209794567e+01
-1.899999999999999147e+02 9.580443765242654308e+01
-1.859999999999998863e+02 9.580219817414138106e+01
-1.819999999999999147e+02 9.579849007796985916e+01
-1.779999999999999147e+02 9.579334397105253629e+01
-1.739999999999998863e+02 9.578682155710413326e+01
-1.699999999999999147e+02 9.577900808883367745e+01
-1.659999999999999147e+02 9.577000230480030041e+01
-1.619999999999998863e+02 9.575990486343897601e+01
-1.579999999999999147e+02 9.574880647547195167e+01
-1.539999999999999147e+02 9.573677694639121682e+01
-1.499999999999998863e+02 9.572385619395709000e+01
-1.459999999999999147e+02 9.571004815887823725e+01
-1.419999999999999147e+02 9.569531822167255086e+01
-1.379999999999998863e+02 9.567959434245824468e+01
-1.339999999999999147e+02 9.566277183085293245e+01
-1.299999999999999147e+02 9.564472130182360843e+01
-1.259999999999998863e+02 9.562529902978434393e+01
-1.219999999999999005e+02 9.560435875305972786e+01
-1.179999999999999147e+02 9.558188693017928017e+01
-1.139999999999998863e+02 9.555822813608233446e+01
-1.099999999999999005e+02 9.553339756509541303e+01
-1.059999999999999147e+02 9.550742417634336334e+01
-1.019999999999999289e+02 9.548036595181525854e+01
-9.799999999999990052e+01 9.545200042519218186e+01
-9.399999999999991473e+01 9.542231771486291336e+01
-8.999999999999992895e+01 9.539145718917910699e+01
-8.599999999999990052e+01 9.535957053319538090e+01
-8.199999999999991473e+01 9.532680630616670214e+01
-7.799999999999992895e+01 9.529329301757553594e+01
-7.399999999999990052e+01 9.525912161287288882e+01
-6.999999999999991473e+01 9.522432855385164885e+01
-6.599999999999992895e+01 9.518888053683207318e+01
-6.199999999999989342e+01 9.515266210670074543e+01
-5.799999999999990763e+01 9.511546746066323976e+01
-5.399999999999992895e+01 9.507699782778394137e+01
-4.999999999999989342e+01 9.503686592032175895e+01
-4.599999999999990763e+01 9.499460885609124716e+01
-4.199999999999992895e+01 9.494971075167137542e+01
-3.799999999999989342e+01 9.490163567073273043e+01
-3.399999999999990763e+01 9.484987077440916892e+01
-2.999999999999992539e+01 9.479397841573000960e+01
-2.599999999999988987e+01 9.473365481323941140e+01
-2.199999999999990408e+01 9.466879175446234740e+01
-1.799999999999986855e+01 9.459943756083345079e+01
-1.399999999999988631e+01 9.452725214130151699e+01
-9.999999999999904077e+00 9.445535533331610623e+01
-5.999999999999920952e+00 9.438546790294094535e+01
-1.999999999999938494e+00 9.431964342203400520e+01
2.000000000000150102e+00 9.426014425060958501e+01
6.000000000000133227e+00 9.420925555583681898e+01
1.000000000000011546e+01 9.416909895595341595e+01
1.400000000000009948e+01 9.414037726493080527e+01
1.800000000000008171e+01 9.412234167132737639e+01
2.200000000000006395e+01 9.411476186862063287e+01
2.600000000000004619e+01 9.411574807106870821e+01
3.000000000000013500e+01 9.412124353406653654e+01
3.400000000000012079e+01 9.412470348256812258e+01
3.800000000000009948e+01 9.411716060855695787e+01
4.200000000000008527e+01 9.408779685765705381e+01
4.600000000000007105e+01 9.402488011243707433e+01
5.000000000000004974e+01 9.391640801156239604e+01
5.400000000000014211e+01 9.374879932489437806e+01
5.800000000000012079e+01 9.350867765579334900e+01
6.200000000000010658e+01 9.320609324125592821e+01
6.600000000000008527e+01 9.285508263436855714e+01
7.000000000000007105e+01 9.234247524322262279e+01
7.400000000000005684e+01 9.122284959695929274e+01
