-4.979999999999999432e+02 8.363128942823158241e+01
-4.939999999999999432e+02 8.429529989869047313e+01
-4.899999999999999432e+02 8.473464923515416558e+01
-4.859999999999998863e+02 8.509420480161372780e+01
-4.819999999999998863e+02 8.541467909700168093e+01
-4.779999999999998863e+02 8.570282624270623728e+01
-4.739999999999999432e+02 8.595882184095552248e+01
-4.699999999999999432e+02 8.617932269516171573e+01
-4.659999999999998863e+02 8.636517542822775795e+01
-4.619999999999999432e+02 8.652193864596802086e+01
-4.579999999999999432e+02 8.665838585602887179e+01
-4.539999999999998863e+02 8.678444367113957014e+01
-4.499999999999999432e+02 8.690943207819702820e+01
-4.459999999999999432e+02 8.704140644217062572e+01
-4.419999999999998863e+02 8.718515630814522410e+01
-4.379999999999999432e+02 8.734302770140516259e+01
-4.339999999999999432e+02 8.751499904702330923e+01
-4.299999999999998863e+02 8.769903802063828380e+01
-4.259999999999999432e+02 8.789311564190722947e+01
-4.219999999999999432e+02 8.809304366956286003e+01
-4.179999999999999432e+02 8.829378767655748561e+01
-4.139999999999999432e+02 8.848991541292679130e+01
-4.099999999999999432e+02 8.867603644224544723e+01
-4.059999999999998863e+02 8.884719926421774971e+01
-4.019999999999999432e+02 8.899921472801344180e+01
-3.979999999999999432e+02 8.912888286111802927e+01
-3.939999999999999432e+02 8.923411209025533708e+01
-3.899999999999999432e+02 8.931393343059028211e+01
-3.859999999999999432e+02 8.936842449177771641e+01
-3.819999999999998863e+02 8.939856705154903693e+01
-3.779999999999999432e+02 8.940606612222302374e+01
-3.739999999999999432e+02 8.939315748070373502e+01
-3.699999999999999432e+02 8.936242550259908057e+01
-3.659999999999999432e+02 8.931664529209371040e+01
-3.619999999999999432e+02 8.925865454749998662e+01
-3.579999999999998863e+02 8.919125337288249966e+01
-3.539999999999998863e+02 8.911712563296788403e+01
-3.499999999999999432e+02 8.903877418868631821e+01
-3.459999999999999432e+02 8.895846430858392750e+01
-3.419999999999998863e+02 8.887817313087833782e+01
-3.379999999999999432e+02 8.879954697822063281e+01
-3.339999999999998863e+02 8.872387096790987471e+01
-3.299999999999998863e+02 8.865205583878190509e+01
-3.259999999999999432e+02 8.858464528794416992e+01
-3.219999999999999432e+02 8.852184414552789349e+01
-3.179999999999998863e+02 8.846356446295544629e+01
-3.139999999999999432e+02 8.840948391239663806e+01
-3.099999999999998863e+02 8.835910991723153529e+01
-3.059999999999998863e+02 8.831184301211607135e+01
-3.019999999999999432e+02 8.826703452282180251e+01
-2.979999999999999432e+02 8.822403575872772308e+01
-2.939999999999999432e+02 8.818223804726801518e+01
-2.899999999999999432e+02 8.814110440183793571e+01
-2.859999999999998863e+02 8.810019445714954145e+01
-2.819999999999998863e+02 8.805918397372539630e+01
-2.779999999999999432e+02 8.801787936394384815e+01
-2.739999999999999432e+02 8.797622646588911266e+01
-2.699999999999999432e+02 8.793431184122766808e+01
-2.659999999999999432e+02 8.789235464522533903e+01
-2.619999999999998863e+02 8.785068773786690599e+01
-2.579999999999998863e+02 8.780972818056051210e+01
-2.539999999999999147e+02 8.776993898288753826e+01
-2.499999999999999432e+02 8.773178570278673760e+01
-2.459999999999998863e+02 8.769569252901584377e+01
-2.419999999999999147e+02 8.766200251160393009e+01
-2.379999999999999432e+02 8.763094597193435220e+01
-2.339999999999998863e+02 8.760261962775524580e+01
-2.299999999999999147e+02 8.757697749524191977e+01
-2.259999999999999432e+02 8.755383325005777806e+01
-2.219999999999998863e+02 8.753287299362790463e+01
-2.179999999999999147e+02 8.751367678322355914e+01
-2.139999999999999432e+02 8.749574746541162540e+01
-2.099999999999998863e+02 8.747854525030970763e+01
-2.059999999999999147e+02 8.746152641236977843e+01
-2.019999999999999432e+02 8.744418409916664814e+01
-1.979999999999998863e+02 8.742608849644381053e+01
-1.939999999999999147e+02 8.740692310773164309e+01
-1.899999999999999147e+02 8.738651327321719009e+01
-1.859999999999998863e+02 8.736484332811266995e+01
-1.819999999999999147e+02 8.734205967454806796e+01
-1.779999999999999147e+02 8.731845851252967350e+01
-1.739999999999998863e+02 8.729445894373463943e+01
-1.699999999999999147e+02 8.727056420596449016e+01
-1.659999999999999147e+02 8.724731526874910514e+01
-1.619999999999998863e+02 8.722524199877568662e+01
-1.579999999999999147e+02 8.720481705687950580e+01
-1.539999999999999147e+02 8.718641703912169305e+01
-1.499999999999998863e+02 8.717029413551659900e+01
-1.459999999999999147e+02 8.715656027747542112e+01
-1.419999999999999147e+02 8.714518441807075533e+01
-1.379999999999998863e+02 8.713600255338633360e+01
-1.339999999999999147e+02 8.712873921218670148e+01
-1.299999999999999147e+02 8.712303836710481164e+01
-1.259999999999998863e+02 8.711850104658196869e+01
-1.219999999999999005e+02 8.711472610803451744e+01
-1.179999999999999147e+02 8.711134999630189668e+01
-1.139999999999998863e+02 8.710808082584895828e+01
-1.099999999999999005e+02 8.710472224269324215e+01
-1.059999999999999147e+02 8.710118340563758466e+01
-1.019999999999999289e+02 8.709747283566071019e+01
-9.799999999999990052e+01 8.709367624367416738e+01
-9.399999999999991473e+01 8.708992078149861982e+01
-8.999999999999992895e+01 8.708633063778751193e+01
-8.599999999999990052e+01 8.708298057879551379e+01
-8.199999999999991473e+01 8.707985507977912221e+01
-7.799999999999992895e+01 8.707682041432275355e+01
-7.399999999999990052e+01 8.707361581365290704e+01
-6.999999999999991473e+01 8.706986783319683809e+01
-6.599999999999992895e+01 8.706512918632876108e+01
-6.199999999999989342e+01 8.705894068293207511e+01
-5.799999999999990763e+01 8.705091225492736839e+01
-5.399999999999992895e+01 8.704081749975068760e+01
-4.999999999999989342e+01 8.702869568084702223e+01
-4.599999999999990763e+01 8.701495590570044669e+01
-4.199999999999992895e+01 8.700048006673483769e+01
-3.799999999999989342e+01 8.698672303365907510e+01
-3.399999999999990763e+01 8.697580958655663608e+01
-2.999999999999992539e+01 8.697062603235588085e+01
-2.599999999999988987e+01 8.697489982982926904e+01
-2.199999999999990408e+01 8.699325242455057605e+01
-1.799999999999986855e+01 8.703119948362831337e+01
-1.399999999999988631e+01 8.709505931655434097e+01
-9.999999999999904077e+00 8.719171453029065333e+01
-5.999999999999920952e+00 8.732815453781057613e+01
-1.999999999999938494e+00 8.751071328676647454e+01
2.000000000000150102e+00 8.774392550408435909e+01
6.000000000000133227e+00 8.802899133014227573e+01
1.000000000000011546e+01 8.836200626364541222e+01
1.400000000000009948e+01 8.873239523572118514e+01
1.800000000000008171e+01 8.912230524144928268e+01
2.200000000000006395e+01 8.950783680310701129e+01
2.600000000000004619e+01 8.987212034331031418e+01
3.000000000000013500e+01 9.017148900757439378e+01
3.400000000000012079e+01 9.037424369095634802e+01
3.800000000000009948e+01 9.049162479373319456e+01
4.200000000000008527e+01 9.053722795189599992e+01
4.600000000000007105e+01 9.053626363015365541e+01
5.000000000000004974e+01 9.053092439012954173e+01
5.400000000000014211e+01 9.055093043858619239e+01
5.800000000000012079e+01 9.061789823684347311e+01
6.200000000000010658e+01 9.070300545263347658e+01
