-4.979999999999999432e+02 9.922384907824982747e+01
-4.939999999999999432e+02 9.950123071869404612e+01
-4.899999999999999432e+02 9.964460446171835883e+01
-4.859999999999998863e+02 9.971400772940023671e+01
-4.819999999999998863e+02 9.972889448621680231e+01
-4.779999999999998863e+02 9.970096855383155798e+01
-4.739999999999999432e+02 9.964091205319755318e+01
-4.699999999999999432e+02 9.955892463705185946e+01
-4.659999999999998863e+02 9.946446371276675791e+01
-4.619999999999999432e+02 9.936982496302516665e+01
-4.579999999999999432e+02 9.927998869901347234e+01
-4.539999999999998863e+02 9.919622679255405728e+01
-4.499999999999999432e+02 9.912067500032549106e+01
-4.459999999999999432e+02 9.905436325106273898e+01
-4.419999999999998863e+02 9.899758025206932643e+01
-4.379999999999999432e+02 9.895010511520365526e+01
-4.339999999999999432e+02 9.891138469235443154e+01
-4.299999999999998863e+02 9.888067119158836249e+01
-4.259999999999999432e+02 9.885712988867277318e+01
-4.219999999999999432e+02 9.883992247031761735e+01
-4.179999999999999432e+02 9.882826888168352752e+01
-4.139999999999999432e+02 9.882148931036152817e+01
-4.099999999999999432e+02 9.881902780591912006e+01
-4.059999999999998863e+02 9.882070960209887289e+01
-4.019999999999999432e+02 9.882678704273411086e+01
-3.979999999999999432e+02 9.883690175369770259e+01
-3.939999999999999432e+02 9.885081551133072253e+01
-3.899999999999999432e+02 9.886835088442961705e+01
-3.859999999999999432e+02 9.888936133196654055e+01
-3.819999999999998863e+02 9.891370446016833284e+01
-3.779999999999999432e+02 9.894122058925785268e+01
-3.739999999999999432e+02 9.897171807237299390e+01
-3.699999999999999432e+02 9.900496598442407503e+01
-3.659999999999999432e+02 9.904067344776314030e+01
-3.619999999999999432e+02 9.907821696946206202e+01
-3.579999999999998863e+02 9.911724703787848512e+01
-3.539999999999998863e+02 9.915747453325815286e+01
-3.499999999999999432e+02 9.919861778344136383e+01
-3.459999999999999432e+02 9.924041625624340668e+01
-3.419999999999998863e+02 9.928264179497011810e+01
-3.379999999999999432e+02 9.932510634003307359e+01
-3.339999999999998863e+02 9.936766552267931729e+01
-3.299999999999998863e+02 9.941021801782642342e+01
-3.259999999999999432e+02 9.945270103213164248e+01
-3.219999999999999432e+02 9.949508269141824712e+01
-3.179999999999998863e+02 9.953735230001723266e+01
-3.139999999999999432e+02 9.957950969834132593e+01
-3.099999999999998863e+02 9.962155487034380030e+01
-3.059999999999998863e+02 9.966347886054177252e+01
-3.019999999999999432e+02 9.970525690655415474e+01
-2.979999999999999432e+02 9.974684433904667458e+01
-2.939999999999999432e+02 9.978817549885081917e+01
-2.899999999999999432e+02 9.982916562408991012e+01
-2.859999999999998863e+02 9.986971529875881970e+01
-2.819999999999998863e+02 9.990971684476801329e+01
-2.779999999999999432e+02 9.994906185036830948e+01
-2.739999999999999432e+02 9.998764893531597409e+01
-2.699999999999999432e+02 1.000253908786031047e+02
-2.659999999999999432e+02 1.000622203315538741e+02
-2.619999999999998863e+02 1.000980935131065053e+02
-2.579999999999998863e+02 1.001329915482878050e+02
-2.539999999999999147e+02 1.001669193396024298e+02
-2.499999999999999432e+02 1.001999021714058244e+02
-2.459999999999998863e+02 1.002319804545630859e+02
-2.419999999999999147e+02 1.002632032369846229e+02
-2.379999999999999432e+02 1.002936211817786329e+02
-2.339999999999998863e+02 1.003232797850549218e+02
-2.299999999999999147e+02 1.003522135494721397e+02
-2.259999999999999432e+02 1.003804416866876750e+02
-2.219999999999998863e+02 1.004079657700626171e+02
-2.179999999999999147e+02 1.004347695400858242e+02
-2.139999999999999432e+02 1.004608208135834388e+02
-2.099999999999998863e+02 1.004860752567138888e+02
-2.059999999999999147e+02 1.005104815929192341e+02
-2.019999999999999432e+02 1.005339876306080669e+02
-1.979999999999998863e+02 1.005563870630596739e+02
-1.939999999999999147e+02 1.005773723265587591e+02
-1.899999999999999147e+02 1.005968848722504276e+02
-1.859999999999998863e+02 1.006148844135767035e+02
-1.819999999999999147e+02 1.006313490345673927e+02
-1.779999999999999147e+02 1.006462742810473969e+02
-1.739999999999998863e+02 1.006596703237190695e+02
-1.699999999999999147e+02 1.006715731500927973e+02
-1.659999999999999147e+02 1.006823401295842473e+02
-1.619999999999998863e+02 1.006921513126747527e+02
-1.579999999999999147e+02 1.007010774976685639e+02
-1.539999999999999147e+02 1.007091771696576643e+02
-1.499999999999998863e+02 1.007164922011825752e+02
-1.459999999999999147e+02 1.007230451757932883e+02
-1.419999999999999147e+02 1.007288386048890061e+02
-1.379999999999998863e+02 1.007338561082610795e+02
-1.339999999999999147e+02 1.007380654438619558e+02
-1.299999999999999147e+02 1.007414231718774431e+02
-1.259999999999998863e+02 1.007438806034932668e+02
-1.219999999999999005e+02 1.007453905684167808e+02
-1.179999999999999147e+02 1.007459145362470849e+02
-1.139999999999998863e+02 1.007454295561072968e+02
-1.099999999999999005e+02 1.007439344784340847e+02
-1.059999999999999147e+02 1.007414549598797180e+02
-1.019999999999999289e+02 1.007380467715121313e+02
-9.799999999999990052e+01 1.007337969427624671e+02
-9.399999999999991473e+01 1.007288223848780149e+02
-8.999999999999992895e+01 1.007232656368971107e+02
-8.599999999999990052e+01 1.007172875055130703e+02
-8.199999999999991473e+01 1.007110565337028447e+02
-7.799999999999992895e+01 1.007047353652138213e+02
-7.399999999999990052e+01 1.006984643743037964e+02
-6.999999999999991473e+01 1.006923432811084922e+02
-6.599999999999992895e+01 1.006864100539243054e+02
-6.199999999999989342e+01 1.006796616682302670e+02
-5.799999999999990763e+01 1.006710922491694760e+02
-5.399999999999992895e+01 1.006603662827200765e+02
-4.999999999999989342e+01 1.006470496303538198e+02
-4.599999999999990763e+01 1.006319407198649856e+02
-4.199999999999992895e+01 1.006153414165450499e+02
-3.799999999999989342e+01 1.005967360775004522e+02
-3.399999999999990763e+01 1.005756657093580202e+02
-2.999999999999992539e+01 1.005518075472747910e+02
-2.599999999999988987e+01 1.005250633225132333e+02
-2.199999999999990408e+01 1.004956480377276762e+02
-1.799999999999986855e+01 1.004641688829311192e+02
-1.399999999999988631e+01 1.004316828230081455e+02
-9.999999999999904077e+00 1.003997216420272025e+02
-5.999999999999920952e+00 1.003702744148690158e+02
-1.999999999999938494e+00 1.003457183518427200e+02
2.000000000000150102e+00 1.003286880011051494e+02
6.000000000000133227e+00 1.003218683359887677e+02
1.000000000000011546e+01 1.003276901074659690e+02
1.400000000000009948e+01 1.003479011394988447e+02
1.800000000000008171e+01 1.003819102655564848e+02
2.200000000000006395e+01 1.004261354266139392e+02
2.600000000000004619e+01 1.004777551941637057e+02
3.000000000000013500e+01 1.005303881991299590e+02
3.400000000000012079e+01 1.005731791142843008e+02
3.800000000000009948e+01 1.005922882285428841e+02
4.200000000000008527e+01 1.005718981713498579e+02
4.600000000000007105e+01 1.004960659795858078e+02
5.000000000000004974e+01 1.003511389158207407e+02
5.400000000000014211e+01 1.001277673673010895e+02
5.800000000000012079e+01 9.981954063311775371e+01
6.200000000000010658e+01 9.940562902144387181e+01
6.600000000000008527e+01 9.872088884990461111e+01
7.000000000000007105e+01 9.770260557511971911e+01
