-4.979999999999999432e+02 9.208631866803870025e+01
-4.939999999999999432e+02 9.244947532633437959e+01
-4.899999999999999432e+02 9.265789050155507312e+01
-4.859999999999998863e+02 9.279188311831791225e+01
-4.819999999999998863e+02 9.287617751455576354e+01
-4.779999999999998863e+02 9.292157958913821858e+01
-4.739999999999999432e+02 9.293531726832134154e+01
-4.699999999999999432e+02 9.292382668379639199e+01
-4.659999999999998863e+02 9.289324130949307801e+01
-4.619999999999999432e+02 9.284921793273144885e+01
-4.579999999999999432e+02 9.279666929707906320e+01
-4.539999999999998863e+02 9.273958602639851279e+01
-4.499999999999999432e+02 9.268098289384755617e+01
-4.459999999999999432e+02 9.262295065641586689e+01
-4.419999999999998863e+02 9.256677926912902876e+01
-4.379999999999999432e+02 9.251311915083283566e+01
-4.339999999999999432e+02 9.246215404300608043e+01
-4.299999999999998863e+02 9.241376671096008977e+01
-4.259999999999999432e+02 9.236768536313900313e+01
-4.219999999999999432e+02 9.232360353163079481e+01
-4.179999999999999432e+02 9.228126979652142836e+01
-4.139999999999999432e+02 9.224054643205187176e+01
-4.099999999999999432e+02 9.220143823783865855e+01
-4.059999999999998863e+02 9.216408566459381291e+01
-4.019999999999999432e+02 9.212872430471935559e+01
-3.979999999999999432e+02 9.209574705147849727e+01
-3.939999999999999432e+02 9.206561969047669436e+01
-3.899999999999999432e+02 9.203877015665659655e+01
-3.859999999999999432e+02 9.201551116669020303e+01
-3.819999999999998863e+02 9.199607441953071429e+01
-3.779999999999999432e+02 9.198056988193491179e+01
-3.739999999999999432e+02 9.196897075290070234e+01
-3.699999999999999432e+02 9.196111225656159149e+01
-3.659999999999999432e+02 9.195670358516781562e+01
-3.619999999999999432e+02 9.195535102340750200e+01
-3.579999999999998863e+02 9.195658938900345447e+01
-3.539999999999998863e+02 9.195991820562909425e+01
-3.499999999999999432e+02 9.196483884706481149e+01
-3.459999999999999432e+02 9.197088893164954015e+01
-3.419999999999998863e+02 9.197767079124292877e+01
-3.379999999999999432e+02 9.198487158674100783e+01
-3.339999999999998863e+02 9.199227361833084160e+01
-3.299999999999998863e+02 9.199975449960049900e+01
-3.259999999999999432e+02 9.200727788060635248e+01
-3.219999999999999432e+02 9.201487636567486561e+01
-3.179999999999998863e+02 9.202262891322027372e+01
-3.139999999999999432e+02 9.203063543593731310e+01
-3.099999999999998863e+02 9.203899145973656459e+01
-3.059999999999998863e+02 9.204776547471698223e+01
-3.019999999999999432e+02 9.205698120173332200e+01
-2.979999999999999432e+02 9.206660639861735262e+01
-2.939999999999999432e+02 9.207654906629437619e+01
-2.899999999999999432e+02 9.208666116119951539e+01
-2.859999999999998863e+02 9.209674912238625666e+01
-2.819999999999998863e+02 9.210658984683334438e+01
-2.779999999999999432e+02 9.211595025119049751e+01
-2.739999999999999432e+02 9.212460817638140043e+01
-2.699999999999999432e+02 9.213237231472010080e+01
-2.659999999999999432e+02 9.213909898264745379e+01
-2.619999999999998863e+02 9.214470391496649881e+01
-2.579999999999998863e+02 9.214916781797455769e+01
-2.539999999999999147e+02 9.215253514150043657e+01
-2.499999999999999432e+02 9.215490623095905676e+01
-2.459999999999998863e+02 9.215642376371175715e+01
-2.419999999999999147e+02 9.215725496870072675e+01
-2.379999999999999432e+02 9.215757153684876357e+01
-2.339999999999998863e+02 9.215752939502732488e+01
-2.299999999999999147e+02 9.215725044504227981e+01
-2.259999999999999432e+02 9.215680815561910322e+01
-2.219999999999998863e+02 9.215621849431016699e+01
-2.179999999999999147e+02 9.215543707323536182e+01
-2.139999999999999432e+02 9.215436277150075739e+01
-2.099999999999998863e+02 9.215284741072008501e+01
-2.059999999999999147e+02 9.215071046161085633e+01
-2.019999999999999432e+02 9.214775719512800833e+01
-1.979999999999998863e+02 9.214379837944306928e+01
-1.939999999999999147e+02 9.213866941678463718e+01
-1.899999999999999147e+02 9.213224689378165522e+01
-1.859999999999998863e+02 9.212446075445666338e+01
-1.819999999999999147e+02 9.211529124662081358e+01
-1.779999999999999147e+02 9.210475709156361290e+01
-1.739999999999998863e+02 9.209295664426588246e+01
-1.699999999999999147e+02 9.208003539611985389e+01
-1.659999999999999147e+02 9.206623921517359577e+01
-1.619999999999998863e+02 9.205176071161633899e+01
-1.579999999999999147e+02 9.203676973066200162e+01
-1.539999999999999147e+02 9.202140351683630115e+01
-1.499999999999998863e+02 9.200575190659390046e+01
-1.459999999999999147e+02 9.198984757712474902e+01
-1.419999999999999147e+02 9.197366238133429306e+01
-1.379999999999998863e+02 9.195711017455619185e+01
-1.339999999999999147e+02 9.194005591914771003e+01
-1.299999999999999147e+02 9.192233019078571488e+01
-1.259999999999998863e+02 9.190374767395826439e+01
-1.219999999999999005e+02 9.188412782175709026e+01
-1.179999999999999147e+02 9.186331557753476318e+01
-1.139999999999998863e+02 9.184120004143159122e+01
-1.099999999999999005e+02 9.181772911302454077e+01
-1.059999999999999147e+02 9.179291851767561639e+01
-1.019999999999999289e+02 9.176685412347177362e+01
-9.799999999999990052e+01 9.173968715176829392e+01
-9.399999999999991473e+01 9.171162251860630477e+01
-8.999999999999992895e+01 9.168290119332806398e+01
-8.599999999999990052e+01 9.165377804398372064e+01
-8.199999999999991473e+01 9.162449701585745743e+01
-7.799999999999992895e+01 9.159526573378809644e+01
-7.399999999999990052e+01 9.156623173229149870e+01
-6.999999999999991473e+01 9.153746241686252461e+01
-6.599999999999992895e+01 9.150893070015479225e+01
-6.199999999999989342e+01 9.148050805292206178e+01
-5.799999999999990763e+01 9.145196642423485400e+01
-5.399999999999992895e+01 9.142299013074926961e+01
-4.999999999999989342e+01 9.139319842234277758e+01
-4.599999999999990763e+01 9.136217886313335157e+01
-4.199999999999992895e+01 9.132953102716697913e+01
-3.799999999999989342e+01 9.129491905630987958e+01
-3.399999999999990763e+01 9.125813094042649709e+01
-2.999999999999992539e+01 9.121914157250728294e+01
-2.599999999999988987e+01 9.117817640456001982e+01
-2.199999999999990408e+01 9.113577301250359142e+01
-1.799999999999986855e+01 9.109263523146950092e+01
-1.399999999999988631e+01 9.105190769137738016e+01
-9.999999999999904077e+00 9.101619695317702963e+01
-5.999999999999920952e+00 9.098820801732836117e+01
-1.999999999999938494e+00 9.097128533974222364e+01
2.000000000000150102e+00 9.096672975288970520e+01
6.000000000000133227e+00 9.097720326461700324e+01
1.000000000000011546e+01 9.100601830657882374e+01
1.400000000000009948e+01 9.105623429988139605e+01
1.800000000000008171e+01 9.113019352305934717e+01
2.200000000000006395e+01 9.122889575323949884e+01
2.600000000000004619e+01 9.135127731703448717e+01
3.000000000000013500e+01 9.149355249447711458e+01
3.400000000000012079e+01 9.164884850032706254e+01
3.800000000000009948e+01 9.180735704800946451e+01
4.200000000000008527e+01 9.195709229617051506e+01
4.600000000000007105e+01 9.208510541779384084e+01
5.000000000000004974e+01 9.217873778563239284e+01
5.400000000000014211e+01 9.222626749766811827e+01
5.800000000000012079e+01 9.221601913337877932e+01
6.200000000000010658e+01 9.211171846412685227e+01
6.600000000000008527e+01 9.189598845491474322e+01
7.000000000000007105e+01 9.138754130355647476e+01
