-4.979999999999999432e+02 9.045129143422332163e+01
-4.939999999999999432e+02 9.086518027162622957e+01
-4.899999999999999432e+02 9.111766346671095107e+01
-4.859999999999998863e+02 9.129831929291697179e+01
-4.819999999999998863e+02 9.143248776089740204e+01
-4.779999999999998863e+02 9.152762204309698291e+01
-4.739999999999999432e+02 9.158603818349206449e+01
-4.699999999999999432e+02 9.160960453822934824e+01
-4.659999999999998863e+02 9.160136634242337550e+01
-4.619999999999999432e+02 9.156565876211737987e+01
-4.579999999999999432e+02 9.150755173755322858e+01
-4.539999999999998863e+02 9.143216882263794787e+01
-4.499999999999999432e+02 9.134416222284852438e+01
-4.459999999999999432e+02 9.124742537544000243e+01
-4.419999999999998863e+02 9.114501203093982440e+01
-4.379999999999999432e+02 9.103919328828789048e+01
-4.339999999999999432e+02 9.093158762252238603e+01
-4.299999999999998863e+02 9.082331722762791060e+01
-4.259999999999999432e+02 9.071516196705306356e+01
-4.219999999999999432e+02 9.060769542494466577e+01
-4.179999999999999432e+02 9.050139539285618184e+01
-4.139999999999999432e+02 9.039672555734728121e+01
-4.099999999999999432e+02 9.029418770977213171e+01
-4.059999999999998863e+02 9.019434550635372716e+01
-4.019999999999999432e+02 9.009782246714951270e+01
-3.979999999999999432e+02 9.000527870290585497e+01
-3.939999999999999432e+02 8.991737226502948488e+01
-3.899999999999999432e+02 8.983471201926681715e+01
-3.859999999999999432e+02 8.975780930616821252e+01
-3.819999999999998863e+02 8.968703502486027901e+01
-3.779999999999999432e+02 8.962258761392104134e+01
-3.739999999999999432e+02 8.956447570072322151e+01
-3.699999999999999432e+02 8.951251738848316108e+01
-3.659999999999999432e+02 8.946635600816762235e+01
-3.619999999999999432e+02 8.942549056534193141e+01
-3.579999999999998863e+02 8.938931752137722242e+01
-3.539999999999998863e+02 8.935717944083415887e+01
-3.499999999999999432e+02 8.932841553671198653e+01
-3.459999999999999432e+02 8.930240012857882448e+01
-3.419999999999998863e+02 8.927861386780949715e+01
-3.379999999999999432e+02 8.925664670908923881e+01
-3.339999999999998863e+02 8.923620067174010728e+01
-3.299999999999998863e+02 8.921710442044650335e+01
-3.259999999999999432e+02 8.919930041829974243e+01
-3.219999999999999432e+02 8.918282124569219604e+01
-3.179999999999998863e+02 8.916775839748083854e+01
-3.139999999999999432e+02 8.915422753784281440e+01
-3.099999999999998863e+02 8.914233408741006315e+01
-3.059999999999998863e+02 8.913214287248820256e+01
-3.019999999999999432e+02 8.912365488099311506e+01
-2.979999999999999432e+02 8.911679315136188961e+01
-2.939999999999999432e+02 8.911139899806926223e+01
-2.899999999999999432e+02 8.910723852632105491e+01
-2.859999999999998863e+02 8.910401846632311162e+01
-2.819999999999998863e+02 8.910140935960293973e+01
-2.779999999999999432e+02 8.909907353958277554e+01
-2.739999999999999432e+02 8.909669474393655264e+01
-2.699999999999999432e+02 8.909400612088404614e+01
-2.659999999999999432e+02 8.909081353038953921e+01
-2.619999999999998863e+02 8.908701157276215099e+01
-2.579999999999998863e+02 8.908259055888419198e+01
-2.539999999999999147e+02 8.907763359210514409e+01
-2.499999999999999432e+02 8.907230417902979980e+01
-2.459999999999998863e+02 8.906682556053488042e+01
-2.419999999999999147e+02 8.906145409698007143e+01
-2.379999999999999432e+02 8.905644947195150962e+01
-2.339999999999998863e+02 8.905204483596600085e+01
-2.299999999999999147e+02 8.904841996968775675e+01
-2.259999999999999432e+02 8.904568017116065448e+01
-2.219999999999998863e+02 8.904384294860994942e+01
-2.179999999999999147e+02 8.904283380496008249e+01
-2.139999999999999432e+02 8.904249157331094011e+01
-2.099999999999998863e+02 8.904258267036516372e+01
-2.059999999999999147e+02 8.904282294029877676e+01
-2.019999999999999432e+02 8.904290481890177489e+01
-1.979999999999998863e+02 8.904252709377306019e+01
-1.939999999999999147e+02 8.904142418479398202e+01
-1.899999999999999147e+02 8.903939191567275202e+01
-1.859999999999998863e+02 8.903630703616903475e+01
-1.819999999999999147e+02 8.903213839452763523e+01
-1.779999999999999147e+02 8.902694859200539668e+01
-1.739999999999998863e+02 8.902088588819879078e+01
-1.699999999999999147e+02 8.901416728512526788e+01
-1.659999999999999147e+02 8.900705456609620114e+01
-1.619999999999998863e+02 8.899982590180871966e+01
-1.579999999999999147e+02 8.899274595223090500e+01
-1.539999999999999147e+02 8.898603763626647378e+01
-1.499999999999998863e+02 8.897985847434830475e+01
-1.459999999999999147e+02 8.897428389074582356e+01
-1.419999999999999147e+02 8.896929923119637351e+01
-1.379999999999998863e+02 8.896480124589965044e+01
-1.339999999999999147e+02 8.896060900668425120e+01
-1.299999999999999147e+02 8.895648312517931799e+01
-1.259999999999998863e+02 8.895215132741236630e+01
-1.219999999999999005e+02 8.894733773589086923e+01
-1.179999999999999147e+02 8.894179270464877618e+01
-1.139999999999998863e+02 8.893531991882503007e+01
-1.099999999999999005e+02 8.892779761196209165e+01
-1.059999999999999147e+02 8.891919136021340364e+01
-1.019999999999999289e+02 8.890955671516945813e+01
-9.799999999999990052e+01 8.889903104330392125e+01
-9.399999999999991473e+01 8.888781517756166295e+01
-8.999999999999992895e+01 8.887614662838569757e+01
-8.599999999999990052e+01 8.886426720056766726e+01
-8.199999999999991473e+01 8.885238856474614977e+01
-7.799999999999992895e+01 8.884065981361078457e+01
-7.399999999999990052e+01 8.882914109717825113e+01
-6.999999999999991473e+01 8.881778713337348563e+01
-6.599999999999992895e+01 8.880644377740492246e+01
-6.199999999999989342e+01 8.879485992611824940e+01
-5.799999999999990763e+01 8.878271579223934395e+01
-5.399999999999992895e+01 8.876966719927492022e+01
-4.999999999999989342e+01 8.875540395250925485e+01
-4.599999999999990763e+01 8.873971892698017427e+01
-4.199999999999992895e+01 8.872258320793127950e+01
-3.799999999999989342e+01 8.870422204655557152e+01
-3.399999999999990763e+01 8.868518640962440713e+01
-2.999999999999992539e+01 8.866641581845874498e+01
-2.599999999999988987e+01 8.864928962544098567e+01
-2.199999999999990408e+01 8.863566534674606601e+01
-1.799999999999986855e+01 8.862790320317702708e+01
-1.399999999999988631e+01 8.862887463779418340e+01
-9.999999999999904077e+00 8.864194838089338191e+01
-5.999999999999920952e+00 8.867094014969842419e+01
-1.999999999999938494e+00 8.872000232459362223e+01
2.000000000000150102e+00 8.879342042946086622e+01
6.000000000000133227e+00 8.889528055751782176e+01
1.000000000000011546e+01 8.902898578978096111e+01
1.400000000000009948e+01 8.919664083460378379e+01
1.800000000000008171e+01 8.939839513100446311e+01
2.200000000000006395e+01 8.963191538636010591e+01
2.600000000000004619e+01 8.989219675980098145e+01
3.000000000000013500e+01 9.017185231848691274e+01
3.400000000000012079e+01 9.046323201063415809e+01
3.800000000000009948e+01 9.074837416430204939e+01
4.200000000000008527e+01 9.101696593292354009e+01
4.600000000000007105e+01 9.126430249779173209e+01
5.000000000000004974e+01 9.148822578954298024e+01
5.400000000000014211e+01 9.168494527970466379e+01
5.800000000000012079e+01 9.184247417302418626e+01
6.200000000000010658e+01 9.192014014652295373e+01
6.600000000000008527e+01 9.186829012025197017e+01
7.000000000000007105e+01 9.143492663366458828e+01
