-4.979999999999999432e+02 8.433623887041085254e+01
-4.939999999999999432e+02 8.488260839581380424e+01
-4.899999999999999432e+02 8.523963293947468856e+01
-4.859999999999998863e+02 8.552620939238909159e+01
-4.819999999999998863e+02 8.577761526546879622e+01
-4.779999999999998863e+02 8.600406622864403516e+01
-4.739999999999999432e+02 8.620776165842812588e+01
-4.699999999999999432e+02 8.638999772406168631e+01
-4.659999999999998863e+02 8.655397566486624328e+01
-4.619999999999999432e+02 8.670511682132621445e+01
-4.579999999999999432e+02 8.685015022569353960e+01
-4.539999999999998863e+02 8.699576760840898260e+01
-4.499999999999999432e+02 8.714703455695411094e+01
-4.459999999999999432e+02 8.730839014704758938e+01
-4.419999999999998863e+02 8.748259058438253533e+01
-4.379999999999999432e+02 8.767056074550367839e+01
-4.339999999999999432e+02 8.787153896826271193e+01
-4.299999999999998863e+02 8.808333555635823586e+01
-4.259999999999999432e+02 8.830265590754834193e+01
-4.219999999999999432e+02 8.852545150294372434e+01
-4.179999999999999432e+02 8.874726961541591663e+01
-4.139999999999999432e+02 8.896320284687959656e+01
-4.099999999999999432e+02 8.916862290853248396e+01
-4.059999999999998863e+02 8.936019297001251971e+01
-4.019999999999999432e+02 8.953461590338235965e+01
-3.979999999999999432e+02 8.968928099322914704e+01
-3.939999999999999432e+02 8.982232897240510283e+01
-3.899999999999999432e+02 8.993266549993319359e+01
-3.859999999999999432e+02 9.001983082077316567e+01
-3.819999999999998863e+02 9.008424315488247203e+01
-3.779999999999999432e+02 9.012688466866774206e+01
-3.739999999999999432e+02 9.014913826467000035e+01
-3.699999999999999432e+02 9.015277750719087635e+01
-3.659999999999999432e+02 9.013986681849479510e+01
-3.619999999999999432e+02 9.011266433563042710e+01
-3.579999999999998863e+02 9.007352951585886558e+01
-3.539999999999998863e+02 9.002483686931412876e+01
-3.499999999999999432e+02 8.996889696627931698e+01
-3.459999999999999432e+02 8.990788615400367689e+01
-3.419999999999998863e+02 8.984378666178776029e+01
-3.379999999999999432e+02 8.977833883936648363e+01
-3.339999999999998863e+02 8.971300709724539502e+01
-3.299999999999998863e+02 8.964896056429341797e+01
-3.259999999999999432e+02 8.958706860156530638e+01
-3.219999999999999432e+02 8.952791030733675370e+01
-3.179999999999998863e+02 8.947179637447504774e+01
-3.139999999999999432e+02 8.941880100138035914e+01
-3.099999999999998863e+02 8.936880119911364773e+01
-3.059999999999998863e+02 8.932152084232762945e+01
-3.019999999999999432e+02 8.927657696761201578e+01
-2.979999999999999432e+02 8.923352603804130467e+01
-2.939999999999999432e+02 8.919190823902505372e+01
-2.899999999999999432e+02 8.915128803091835152e+01
-2.859999999999998863e+02 8.911128933032955501e+01
-2.819999999999998863e+02 8.907162378776371270e+01
-2.779999999999999432e+02 8.903211073959789701e+01
-2.739999999999999432e+02 8.899268769771862253e+01
-2.699999999999999432e+02 8.895341068706682108e+01
-2.659999999999999432e+02 8.891444439817706780e+01
-2.619999999999998863e+02 8.887604292207714707e+01
-2.579999999999998863e+02 8.883852274525929715e+01
-2.539999999999999147e+02 8.880223043079263334e+01
-2.499999999999999432e+02 8.876750793306524656e+01
-2.459999999999998863e+02 8.873465872415602007e+01
-2.419999999999999147e+02 8.870391777178684833e+01
-2.379999999999999432e+02 8.867542798351365718e+01
-2.339999999999998863e+02 8.864922491653339875e+01
-2.299999999999999147e+02 8.862523105176552463e+01
-2.259999999999999432e+02 8.860325981312627164e+01
-2.219999999999998863e+02 8.858302894813186867e+01
-2.179999999999999147e+02 8.856418217959827643e+01
-2.139999999999999432e+02 8.854631737508964306e+01
-2.099999999999998863e+02 8.852901902964202918e+01
-2.059999999999999147e+02 8.851189242758397313e+01
-2.019999999999999432e+02 8.849459656918037354e+01
-1.979999999999998863e+02 8.847687291725827663e+01
-1.939999999999999147e+02 8.845856718576902722e+01
-1.899999999999999147e+02 8.843964195424524632e+01
-1.859999999999998863e+02 8.842017868098594136e+01
-1.819999999999999147e+02 8.840036869093876248e+01
-1.779999999999999147e+02 8.838049397624445191e+01
-1.739999999999998863e+02 8.836089953651418227e+01
-1.699999999999999147e+02 8.834194372047562638e+01
-1.659999999999999147e+02 8.832400955229849160e+01
-1.619999999999998863e+02 8.830742786213653517e+01
-1.579999999999999147e+02 8.829245604377473455e+01
-1.539999999999999147e+02 8.827925740378668706e+01
-1.499999999999998863e+02 8.826788712381863888e+01
-1.459999999999999147e+02 8.825828853828022602e+01
-1.419999999999999147e+02 8.825030010491968824e+01
-1.379999999999998863e+02 8.824367239850028000e+01
-1.339999999999999147e+02 8.823809362862476746e+01
-1.299999999999999147e+02 8.823322142027336668e+01
-1.259999999999998863e+02 8.822871775961050389e+01
-1.219999999999999005e+02 8.822428365426520713e+01
-1.179999999999999147e+02 8.821968970057639581e+01
-1.139999999999998863e+02 8.821479899279944448e+01
-1.099999999999999005e+02 8.820957943246787636e+01
-1.059999999999999147e+02 8.820410343367279893e+01
-1.019999999999999289e+02 8.819853441223955315e+01
-9.799999999999990052e+01 8.819310100981317646e+01
-9.399999999999991473e+01 8.818806147270737483e+01
-8.999999999999992895e+01 8.818366195699712762e+01
-8.599999999999990052e+01 8.818009347094488248e+01
-8.199999999999991473e+01 8.817745279013547588e+01
-7.799999999999992895e+01 8.817571264135699494e+01
-7.399999999999990052e+01 8.817470615423547997e+01
-6.999999999999991473e+01 8.817412968139200302e+01
-6.599999999999992895e+01 8.817356680366282262e+01
-6.199999999999989342e+01 8.817253476704138393e+01
-5.799999999999990763e+01 8.817048198079208987e+01
-5.399999999999992895e+01 8.816709685356607906e+01
-4.999999999999989342e+01 8.816219185498846400e+01
-4.599999999999990763e+01 8.815585789158285479e+01
-4.199999999999992895e+01 8.814856594967147885e+01
-3.799999999999989342e+01 8.814125109481335585e+01
-3.399999999999990763e+01 8.813538041404007117e+01
-2.999999999999992539e+01 8.813300212723726190e+01
-2.599999999999988987e+01 8.813677467347758920e+01
-2.199999999999990408e+01 8.815016104552790921e+01
-1.799999999999986855e+01 8.817694868127870222e+01
-1.399999999999988631e+01 8.822131653223510739e+01
-9.999999999999904077e+00 8.828804128631873027e+01
-5.999999999999920952e+00 8.838230108422214926e+01
-1.999999999999938494e+00 8.850875715428895774e+01
2.000000000000150102e+00 8.867061686406373155e+01
6.000000000000133227e+00 8.887050457914057233e+01
1.000000000000011546e+01 8.910803382685134011e+01
1.400000000000009948e+01 8.937897055815409431e+01
1.800000000000008171e+01 8.967414261565136258e+01
2.200000000000006395e+01 8.997944555472639649e+01
2.600000000000004619e+01 9.028019001120009079e+01
3.000000000000013500e+01 9.056180645275384222e+01
3.400000000000012079e+01 9.080464319173790955e+01
3.800000000000009948e+01 9.099425336952725729e+01
4.200000000000008527e+01 9.113496140175271876e+01
4.600000000000007105e+01 9.124159579315812607e+01
5.000000000000004974e+01 9.133433759173755107e+01
5.400000000000014211e+01 9.143004018579347303e+01
5.800000000000012079e+01 9.153126663082645109e+01
6.200000000000010658e+01 9.159545621748810618e+01
6.600000000000008527e+01 9.157199727397005518e+01
7.000000000000007105e+01 9.099942532335944634e+01
