-4.979999999999999432e+02 9.076976794101028645e+01
-4.939999999999999432e+02 9.115323477489306470e+01
-4.899999999999999432e+02 9.138432612424020363e+01
-4.859999999999998863e+02 9.154545857989052138e+01
-4.819999999999998863e+02 9.166047691783472828e+01
-4.779999999999998863e+02 9.173761595265887081e+01
-4.739999999999999432e+02 9.178085542010137488e+01
-4.699999999999999432e+02 9.179368826512336454e+01
-4.659999999999998863e+02 9.178023819205634481e+01
-4.619999999999999432e+02 9.174524184049329278e+01
-4.579999999999999432e+02 9.169359747064186195e+01
-4.539999999999998863e+02 9.162987168447097019e+01
-4.499999999999999432e+02 9.155795202757116158e+01
-4.459999999999999432e+02 9.148089132649198518e+01
-4.419999999999998863e+02 9.140091245797145802e+01
-4.379999999999999432e+02 9.131951684859785701e+01
-4.339999999999999432e+02 9.123764362045596954e+01
-4.299999999999998863e+02 9.115584054008002113e+01
-4.259999999999999432e+02 9.107450989721849055e+01
-4.219999999999999432e+02 9.099390262813318486e+01
-4.179999999999999432e+02 9.091408768885463587e+01
-4.139999999999999432e+02 9.083535800017875772e+01
-4.099999999999999432e+02 9.075810422306909686e+01
-4.059999999999998863e+02 9.068281929373915773e+01
-4.019999999999999432e+02 9.061008071599547975e+01
-3.979999999999999432e+02 9.054051556429902803e+01
-3.939999999999999432e+02 9.047475435049739190e+01
-3.899999999999999432e+02 9.041338029762067663e+01
-3.859999999999999432e+02 9.035688052425206251e+01
-3.819999999999998863e+02 9.030560479101620786e+01
-3.779999999999999432e+02 9.025973623327939777e+01
-3.739999999999999432e+02 9.021927692247783170e+01
-3.699999999999999432e+02 9.018404937494625528e+01
-3.659999999999999432e+02 9.015371343166737006e+01
-3.619999999999999432e+02 9.012779642489522303e+01
-3.579999999999998863e+02 9.010573327588099346e+01
-3.539999999999998863e+02 9.008691233394068831e+01
-3.499999999999999432e+02 9.007072229595155477e+01
-3.459999999999999432e+02 9.005659560101850047e+01
-3.419999999999998863e+02 9.004404431012773102e+01
-3.379999999999999432e+02 9.003268532644727884e+01
-3.339999999999998863e+02 9.002225319616161414e+01
-3.299999999999998863e+02 9.001260002524890069e+01
-3.259999999999999432e+02 9.000368344587189995e+01
-3.219999999999999432e+02 8.999554481165927200e+01
-3.179999999999998863e+02 8.998828058559854526e+01
-3.139999999999999432e+02 8.998201040081312385e+01
-3.099999999999998863e+02 8.997684544441597154e+01
-3.059999999999998863e+02 8.997286048011824278e+01
-3.019999999999999432e+02 8.997007223634454931e+01
-2.979999999999999432e+02 8.996842615492369077e+01
-2.939999999999999432e+02 8.996779250968489805e+01
-2.899999999999999432e+02 8.996797192383951369e+01
-2.859999999999998863e+02 8.996870944219250532e+01
-2.819999999999998863e+02 8.996971536245814605e+01
-2.779999999999999432e+02 8.997069044245091618e+01
-2.739999999999999432e+02 8.997135266029988543e+01
-2.699999999999999432e+02 8.997146257487679577e+01
-2.659999999999999432e+02 8.997084447803968033e+01
-2.619999999999998863e+02 8.996940101685220270e+01
-2.579999999999998863e+02 8.996711970873633391e+01
-2.539999999999999147e+02 8.996407062694061096e+01
-2.499999999999999432e+02 8.996039553573888270e+01
-2.459999999999998863e+02 8.995628965498946172e+01
-2.419999999999999147e+02 8.995197807130568890e+01
-2.379999999999999432e+02 8.994768928992669998e+01
-2.339999999999998863e+02 8.994362872143159393e+01
-2.299999999999999147e+02 8.993995484975931731e+01
-2.259999999999999432e+02 8.993676052893050610e+01
-2.219999999999998863e+02 8.993406126212772733e+01
-2.179999999999999147e+02 8.993179165546575859e+01
-2.139999999999999432e+02 8.992981034853835354e+01
-2.099999999999998863e+02 8.992791289491134421e+01
-2.059999999999999147e+02 8.992585128679320405e+01
-2.019999999999999432e+02 8.992335811077458629e+01
-1.979999999999998863e+02 8.992017280690828329e+01
-1.939999999999999147e+02 8.991606732300414251e+01
-1.899999999999999147e+02 8.991086840220498289e+01
-1.859999999999998863e+02 8.990447419807804863e+01
-1.819999999999999147e+02 8.989686338097317275e+01
-1.779999999999999147e+02 8.988809575578528666e+01
-1.739999999999998863e+02 8.987830437500281278e+01
-1.699999999999999147e+02 8.986767995201421400e+01
-1.659999999999999147e+02 8.985644927668687387e+01
-1.619999999999998863e+02 8.984484993874724523e+01
-1.579999999999999147e+02 8.983310403900634356e+01
-1.539999999999999147e+02 8.982139367897559623e+01
-1.499999999999998863e+02 8.980984075657335097e+01
-1.459999999999999147e+02 8.979849322597317496e+01
-1.419999999999999147e+02 8.978731921634306445e+01
-1.379999999999998863e+02 8.977620971166476238e+01
-1.339999999999999147e+02 8.976498954192140900e+01
-1.299999999999999147e+02 8.975343567089322505e+01
-1.259999999999998863e+02 8.974130088278394624e+01
-1.219999999999999005e+02 8.972834049180738702e+01
-1.179999999999999147e+02 8.971433536738470593e+01
-1.139999999999998863e+02 8.969909433442688851e+01
-1.099999999999999005e+02 8.968253722365619751e+01
-1.059999999999999147e+02 8.966465337051181450e+01
-1.019999999999999289e+02 8.964551638722474536e+01
-9.799999999999990052e+01 8.962527635281554694e+01
-9.399999999999991473e+01 8.960414294413510561e+01
-8.999999999999992895e+01 8.958236106568347168e+01
-8.599999999999990052e+01 8.956018133197329689e+01
-8.199999999999991473e+01 8.953782843999056240e+01
-7.799999999999992895e+01 8.951547073977394575e+01
-7.399999999999990052e+01 8.949319444426242853e+01
-6.999999999999991473e+01 8.947098564946287524e+01
-6.599999999999992895e+01 8.944872298454254178e+01
-6.199999999999989342e+01 8.942618299016965011e+01
-5.799999999999990763e+01 8.940305952907374376e+01
-5.399999999999992895e+01 8.937899752336556958e+01
-4.999999999999989342e+01 8.935364009630512783e+01
-4.599999999999990763e+01 8.932668687188777312e+01
-4.199999999999992895e+01 8.929795995336593251e+01
-3.799999999999989342e+01 8.926747288630991761e+01
-3.399999999999990763e+01 8.923549772072652786e+01
-2.999999999999992539e+01 8.920262542234166858e+01
-2.599999999999988987e+01 8.916981677170201692e+01
-2.199999999999990408e+01 8.913830222173777429e+01
-1.799999999999986855e+01 8.910985902167675476e+01
-1.399999999999988631e+01 8.908751185575528098e+01
-9.999999999999904077e+00 8.907421283719094163e+01
-5.999999999999920952e+00 8.907339267522502269e+01
-1.999999999999938494e+00 8.908889658354462426e+01
2.000000000000150102e+00 8.912485849552467698e+01
6.000000000000133227e+00 8.918548413914021467e+01
1.000000000000011546e+01 8.927471308986076792e+01
1.400000000000009948e+01 8.939574460718341697e+01
1.800000000000008171e+01 8.955044924548269591e+01
2.200000000000006395e+01 8.973874671978421702e+01
2.600000000000004619e+01 8.995808791748811473e+01
3.000000000000013500e+01 9.020325603599536635e+01
3.400000000000012079e+01 9.046747199561707475e+01
3.800000000000009948e+01 9.073451946940326707e+01
4.200000000000008527e+01 9.099282897546629556e+01
4.600000000000007105e+01 9.123265862730687559e+01
5.000000000000004974e+01 9.144603078080899650e+01
5.400000000000014211e+01 9.162449176070521162e+01
5.800000000000012079e+01 9.175330972226299764e+01
6.200000000000010658e+01 9.180646622021231451e+01
6.600000000000008527e+01 9.173572346822362533e+01
7.000000000000007105e+01 9.132556908498332859e+01
