-4.979999999999999432e+02 8.040408077717580682e+01
-4.939999999999999432e+02 8.144795126376789085e+01
-4.899999999999999432e+02 8.212828953352709505e+01
-4.859999999999998863e+02 8.269040303443512130e+01
-4.819999999999998863e+02 8.319173747687057130e+01
-4.779999999999998863e+02 8.363118343578889835e+01
-4.739999999999999432e+02 8.399623991625634289e+01
-4.699999999999999432e+02 8.427948914941680414e+01
-4.659999999999998863e+02 8.448416393035199690e+01
-4.619999999999999432e+02 8.462284899126831306e+01
-4.579999999999999432e+02 8.471305876614081853e+01
-4.539999999999998863e+02 8.477259716713342641e+01
-4.499999999999999432e+02 8.481639345418267339e+01
-4.459999999999999432e+02 8.485536378381937084e+01
-4.419999999999998863e+02 8.489693617762941358e+01
-4.379999999999999432e+02 8.494633544854877982e+01
-4.339999999999999432e+02 8.500767577548708687e+01
-4.299999999999998863e+02 8.508430687852757046e+01
-4.259999999999999432e+02 8.517844229819144175e+01
-4.219999999999999432e+02 8.529051563537450420e+01
-4.179999999999999432e+02 8.541876147020843746e+01
-4.139999999999999432e+02 8.555927742292743687e+01
-4.099999999999999432e+02 8.570653407425879777e+01
-4.059999999999998863e+02 8.585397018790018819e+01
-4.019999999999999432e+02 8.599552606915563047e+01
-3.979999999999999432e+02 8.612582420446057085e+01
-3.939999999999999432e+02 8.624004719433071386e+01
-3.899999999999999432e+02 8.633488918401513956e+01
-3.859999999999999432e+02 8.640864767834904114e+01
-3.819999999999998863e+02 8.646106384241193155e+01
-3.779999999999999432e+02 8.649297438290949458e+01
-3.739999999999999432e+02 8.650587128439502749e+01
-3.699999999999999432e+02 8.650147677268699908e+01
-3.659999999999999432e+02 8.648142779163981686e+01
-3.619999999999999432e+02 8.644713019208563765e+01
-3.579999999999998863e+02 8.639979526141894439e+01
-3.539999999999998863e+02 8.634062133599923072e+01
-3.499999999999999432e+02 8.627104368131983847e+01
-3.459999999999999432e+02 8.619295819868148101e+01
-3.419999999999998863e+02 8.610883459264442763e+01
-3.379999999999999432e+02 8.602167015370969239e+01
-3.339999999999998863e+02 8.593478541352726552e+01
-3.299999999999998863e+02 8.585151127921642455e+01
-3.259999999999999432e+02 8.577484717381912560e+01
-3.219999999999999432e+02 8.570717158792979262e+01
-3.179999999999998863e+02 8.565006226140485524e+01
-3.139999999999999432e+02 8.560424495433522907e+01
-3.099999999999998863e+02 8.556965346374585124e+01
-3.059999999999998863e+02 8.554556063417476253e+01
-3.019999999999999432e+02 8.553073456294885091e+01
-2.979999999999999432e+02 8.552358318384375480e+01
-2.939999999999999432e+02 8.552226727101231063e+01
-2.899999999999999432e+02 8.552478059472002769e+01
-2.859999999999998863e+02 8.552901067033792515e+01
-2.819999999999998863e+02 8.553280141276798076e+01
-2.779999999999999432e+02 8.553403821521862938e+01
-2.739999999999999432e+02 8.553076732317526876e+01
-2.699999999999999432e+02 8.552134742680078716e+01
-2.659999999999999432e+02 8.550461640021035237e+01
-2.619999999999998863e+02 8.548009311038060787e+01
-2.579999999999998863e+02 8.544792610071505123e+01
-2.539999999999999147e+02 8.540906617173550330e+01
-2.499999999999999432e+02 8.536518657409555999e+01
-2.459999999999998863e+02 8.531852875124769753e+01
-2.419999999999999147e+02 8.527168405586110111e+01
-2.379999999999999432e+02 8.522733491052679256e+01
-2.339999999999998863e+02 8.518799367246145948e+01
-2.299999999999999147e+02 8.515577422232172466e+01
-2.259999999999999432e+02 8.513222034418129169e+01
-2.219999999999998863e+02 8.511820044669184426e+01
-2.179999999999999147e+02 8.511386543721482667e+01
-2.139999999999999432e+02 8.511865921916717070e+01
-2.099999999999998863e+02 8.513137021006156147e+01
-2.059999999999999147e+02 8.515021592819334728e+01
-2.019999999999999432e+02 8.517295758216965851e+01
-1.979999999999998863e+02 8.519704478305749262e+01
-1.939999999999999147e+02 8.521978995741261542e+01
-1.899999999999999147e+02 8.523856773179016955e+01
-1.859999999999998863e+02 8.525102804628630793e+01
-1.819999999999999147e+02 8.525530514272406890e+01
-1.779999999999999147e+02 8.525020028703005437e+01
-1.739999999999998863e+02 8.523531521149050150e+01
-1.699999999999999147e+02 8.521111649973778412e+01
-1.659999999999999147e+02 8.517891811519245948e+01
-1.619999999999998863e+02 8.514077919983043330e+01
-1.579999999999999147e+02 8.509932585306847841e+01
-1.539999999999999147e+02 8.505751680098023826e+01
-1.499999999999998863e+02 8.501838143494398992e+01
-1.459999999999999147e+02 8.498476216457447663e+01
-1.419999999999999147e+02 8.495909051082537644e+01
-1.379999999999998863e+02 8.494321855163531154e+01
-1.339999999999999147e+02 8.493831665541034681e+01
-1.299999999999999147e+02 8.494483787170469213e+01
-1.259999999999998863e+02 8.496254131666944431e+01
-1.219999999999999005e+02 8.499056226878252573e+01
-1.179999999999999147e+02 8.502751481023483393e+01
-1.139999999999998863e+02 8.507161288468500970e+01
-1.099999999999999005e+02 8.512079642801251111e+01
-1.059999999999999147e+02 8.517285097515974712e+01
-1.019999999999999289e+02 8.522551211792676895e+01
-9.799999999999990052e+01 8.527655085854485151e+01
-9.399999999999991473e+01 8.532384177837701600e+01
-8.999999999999992895e+01 8.536542159990034406e+01
-8.599999999999990052e+01 8.539954904316124384e+01
-8.199999999999991473e+01 8.542477598152129303e+01
-7.799999999999992895e+01 8.544003399891664685e+01
-7.399999999999990052e+01 8.544476761456058966e+01
-6.999999999999991473e+01 8.543931792821842919e+01
-6.599999999999992895e+01 8.542372815049373003e+01
-6.199999999999989342e+01 8.539911578080591426e+01
-5.799999999999990763e+01 8.536715051276723898e+01
-5.399999999999992895e+01 8.532991913270166151e+01
-4.999999999999989342e+01 8.528974987106784056e+01
-4.599999999999990763e+01 8.524905235836479278e+01
-4.199999999999992895e+01 8.521024655134300474e+01
-3.799999999999989342e+01 8.517585198769069166e+01
-3.399999999999990763e+01 8.514878122903547819e+01
-2.999999999999992539e+01 8.513282771170287333e+01
-2.599999999999988987e+01 8.513326653374434727e+01
-2.199999999999990408e+01 8.515741188814359930e+01
-1.799999999999986855e+01 8.521323956861033366e+01
-1.399999999999988631e+01 8.531410482258752381e+01
-9.999999999999904077e+00 8.547469853536125584e+01
-5.999999999999920952e+00 8.570826618135555464e+01
-1.999999999999938494e+00 8.602377130153001872e+01
2.000000000000150102e+00 8.642337825144880981e+01
6.000000000000133227e+00 8.690649144725080077e+01
1.000000000000011546e+01 8.745959049972725552e+01
1.400000000000009948e+01 8.805564475509117983e+01
1.800000000000008171e+01 8.865189219115546848e+01
2.200000000000006395e+01 8.923047872333035002e+01
2.600000000000004619e+01 8.965984250743912298e+01
3.000000000000013500e+01 8.990818204910476652e+01
3.400000000000012079e+01 8.991503962531533034e+01
3.800000000000009948e+01 8.961500532215808335e+01
4.200000000000008527e+01 8.913533380011051577e+01
4.600000000000007105e+01 8.857530290077289692e+01
5.000000000000004974e+01 8.801206499323842536e+01
5.400000000000014211e+01 8.748485583653979347e+01
5.800000000000012079e+01 8.700682435044541307e+01
