-4.979999999999999432e+02 9.170905089932210785e+01
-4.939999999999999432e+02 9.208306934917129638e+01
-4.899999999999999432e+02 9.229782431251987873e+01
-4.859999999999998863e+02 9.243690877060475941e+01
-4.819999999999998863e+02 9.252597691200782037e+01
-4.779999999999998863e+02 9.257741914656241988e+01
-4.739999999999999432e+02 9.259669378509727267e+01
-4.699999999999999432e+02 9.258966373680169681e+01
-4.659999999999998863e+02 9.256249789087218005e+01
-4.619999999999999432e+02 9.252066572529594168e+01
-4.579999999999999432e+02 9.246901877455439944e+01
-4.539999999999998863e+02 9.241157713770076043e+01
-4.499999999999999432e+02 9.235144026700891118e+01
-4.459999999999999432e+02 9.229081203110956722e+01
-4.419999999999998863e+02 9.223110664642592837e+01
-4.379999999999999432e+02 9.217309996685264650e+01
-4.339999999999999432e+02 9.211709706831021549e+01
-4.299999999999998863e+02 9.206309542664740775e+01
-4.259999999999999432e+02 9.201093033697469536e+01
-4.219999999999999432e+02 9.196039453386458717e+01
-4.179999999999999432e+02 9.191132802525760326e+01
-4.139999999999999432e+02 9.186367698323289233e+01
-4.099999999999999432e+02 9.181752276560922610e+01
-4.059999999999998863e+02 9.177308418367346121e+01
-4.019999999999999432e+02 9.173069751746675138e+01
-3.979999999999999432e+02 9.169078007929107343e+01
-3.939999999999999432e+02 9.165378372811886720e+01
-3.899999999999999432e+02 9.162014479166805359e+01
-3.859999999999999432e+02 9.159023644190557434e+01
-3.819999999999998863e+02 9.156432855545165239e+01
-3.779999999999999432e+02 9.154255888495788440e+01
-3.739999999999999432e+02 9.152491784797706487e+01
-3.699999999999999432e+02 9.151124769142654714e+01
-3.659999999999999432e+02 9.150125540429189641e+01
-3.619999999999999432e+02 9.149453731756472052e+01
-3.579999999999998863e+02 9.149061245953851085e+01
-3.539999999999998863e+02 9.148896094718793393e+01
-3.499999999999999432e+02 9.148906339735822257e+01
-3.459999999999999432e+02 9.149043748039173352e+01
-3.419999999999998863e+02 9.149266820271571987e+01
-3.379999999999999432e+02 9.149542932791177918e+01
-3.339999999999998863e+02 9.149849443176003660e+01
-3.299999999999998863e+02 9.150173712637365497e+01
-3.259999999999999432e+02 9.150512132090966588e+01
-3.219999999999999432e+02 9.150868314011705706e+01
-3.179999999999998863e+02 9.151250702108086443e+01
-3.139999999999999432e+02 9.151669887889073607e+01
-3.099999999999998863e+02 9.152135934647202475e+01
-3.059999999999998863e+02 9.152655987881246347e+01
-3.019999999999999432e+02 9.153232411213411979e+01
-2.979999999999999432e+02 9.153861614454535811e+01
-2.939999999999999432e+02 9.154533666082608079e+01
-2.899999999999999432e+02 9.155232700238548205e+01
-2.859999999999998863e+02 9.155938044825467159e+01
-2.819999999999998863e+02 9.156625928871346787e+01
-2.779999999999999432e+02 9.157271564433568756e+01
-2.739999999999999432e+02 9.157851374491610841e+01
-2.699999999999999432e+02 9.158345111862860222e+01
-2.659999999999999432e+02 9.158737638849174800e+01
-2.619999999999998863e+02 9.159020175005957753e+01
-2.579999999999998863e+02 9.159190873650391040e+01
-2.539999999999999147e+02 9.159254673356406329e+01
-2.499999999999999432e+02 9.159222443309022310e+01
-2.459999999999998863e+02 9.159109519209272321e+01
-2.419999999999999147e+02 9.158933792018757458e+01
-2.379999999999999432e+02 9.158713557322369070e+01
-2.339999999999998863e+02 9.158465356153908488e+01
-2.299999999999999147e+02 9.158202032507102786e+01
-2.259999999999999432e+02 9.157931211896948298e+01
-2.219999999999998863e+02 9.157654349611249245e+01
-2.179999999999999147e+02 9.157366447236296381e+01
-2.139999999999999432e+02 9.157056458709331537e+01
-2.099999999999998863e+02 9.156708343793178528e+01
-2.059999999999999147e+02 9.156302654054491086e+01
-2.019999999999999432e+02 9.155818482087215671e+01
-1.979999999999998863e+02 9.155235568915134081e+01
-1.939999999999999147e+02 9.154536350263686018e+01
-1.899999999999999147e+02 9.153707710211830317e+01
-1.859999999999998863e+02 9.152742269205356251e+01
-1.819999999999999147e+02 9.151639057376286246e+01
-1.779999999999999147e+02 9.150403503801305760e+01
-1.739999999999998863e+02 9.149046748882102520e+01
-1.699999999999999147e+02 9.147584348670693544e+01
-1.659999999999999147e+02 9.146034513153966827e+01
-1.619999999999998863e+02 9.144416070053881640e+01
-1.579999999999999147e+02 9.142746369347935342e+01
-1.539999999999999147e+02 9.141039350735189828e+01
-1.499999999999998863e+02 9.139303973992775809e+01
-1.459999999999999147e+02 9.137543180324689729e+01
-1.419999999999999147e+02 9.135753494732193758e+01
-1.379999999999998863e+02 9.133925312737920876e+01
-1.339999999999999147e+02 9.132043850223965364e+01
-1.299999999999999147e+02 9.130090666231126306e+01
-1.259999999999998863e+02 9.128045605034486698e+01
-1.219999999999999005e+02 9.125888967886015735e+01
-1.179999999999999147e+02 9.123603684580581330e+01
-1.139999999999998863e+02 9.121177263951960867e+01
-1.099999999999999005e+02 9.118603310606823698e+01
-1.059999999999999147e+02 9.115882438677499522e+01
-1.019999999999999289e+02 9.113022470827843335e+01
-9.799999999999990052e+01 9.110037881034025986e+01
-9.399999999999991473e+01 9.106948516215550171e+01
-8.999999999999992895e+01 9.103777700629052561e+01
-8.599999999999990052e+01 9.100549886557450918e+01
-8.199999999999991473e+01 9.097288060308022750e+01
-7.799999999999992895e+01 9.094011136870540213e+01
-7.399999999999990052e+01 9.090731581960920948e+01
-6.999999999999991473e+01 9.087453489363542758e+01
-6.599999999999992895e+01 9.084171323512072149e+01
-6.199999999999989342e+01 9.080869497483746500e+01
-5.799999999999990763e+01 9.077522922982188902e+01
-5.399999999999992895e+01 9.074098619162799650e+01
-4.999999999999989342e+01 9.070560577514675060e+01
-4.599999999999990763e+01 9.066915149740782454e+01
-4.199999999999992895e+01 9.063150854707879489e+01
-3.799999999999989342e+01 9.059251450698138797e+01
-3.399999999999990763e+01 9.055219539283535823e+01
-2.999999999999992539e+01 9.051083599267053614e+01
-2.599999999999988987e+01 9.046904730642415871e+01
-2.199999999999990408e+01 9.042782639294767932e+01
-1.799999999999986855e+01 9.038860421574798920e+01
-1.399999999999988631e+01 9.035327698122165430e+01
-9.999999999999904077e+00 9.032416531347257660e+01
-5.999999999999920952e+00 9.030251860886363602e+01
-1.999999999999938494e+00 9.029122051400628379e+01
2.000000000000150102e+00 9.029354275191207080e+01
6.000000000000133227e+00 9.031305734201754376e+01
1.000000000000011546e+01 9.035345167978960035e+01
1.400000000000009948e+01 9.041819081132888414e+01
1.800000000000008171e+01 9.050998568223258189e+01
2.200000000000006395e+01 9.063007623561122728e+01
2.600000000000004619e+01 9.077743078036809266e+01
3.000000000000013500e+01 9.094807356520709618e+01
3.400000000000012079e+01 9.113481716005668432e+01
3.800000000000009948e+01 9.132761489029627455e+01
4.200000000000008527e+01 9.151452721876160012e+01
4.600000000000007105e+01 9.168298028218652007e+01
5.000000000000004974e+01 9.182072705354704567e+01
5.400000000000014211e+01 9.191580060278255360e+01
5.800000000000012079e+01 9.195409282120238004e+01
6.200000000000010658e+01 9.190735779540693784e+01
6.600000000000008527e+01 9.175023973476822903e+01
7.000000000000007105e+01 9.128625384390528552e+01
