-4.979999999999999432e+02 1.008523425724346794e+02
-4.939999999999999432e+02 1.011314097735748874e+02
-4.899999999999999432e+02 1.012714113329720362e+02
-4.859999999999998863e+02 1.013337985829919603e+02
-4.819999999999998863e+02 1.013392836340134977e+02
-4.779999999999998863e+02 1.013010728163089311e+02
-4.739999999999999432e+02 1.012314717954041612e+02
-4.699999999999999432e+02 1.011421225263261476e+02
-4.659999999999998863e+02 1.010430436362212276e+02
-4.619999999999999432e+02 1.009420472750283579e+02
-4.579999999999999432e+02 1.008424870262815602e+02
-4.539999999999998863e+02 1.007472922710188072e+02
-4.499999999999999432e+02 1.006610149373250920e+02
-4.459999999999999432e+02 1.005875270679435971e+02
-4.419999999999998863e+02 1.005258847270756064e+02
-4.379999999999999432e+02 1.004755203357139521e+02
-4.339999999999999432e+02 1.004355943990901210e+02
-4.299999999999998863e+02 1.004051284315003727e+02
-4.259999999999999432e+02 1.003831027127604330e+02
-4.219999999999999432e+02 1.003685280884268423e+02
-4.179999999999999432e+02 1.003604970752172107e+02
-4.139999999999999432e+02 1.003582172333902349e+02
-4.099999999999999432e+02 1.003610287304484814e+02
-4.059999999999998863e+02 1.003684078656802967e+02
-4.019999999999999432e+02 1.003799586228809630e+02
-3.979999999999999432e+02 1.003953948032034305e+02
-3.939999999999999432e+02 1.004145156652866149e+02
-3.899999999999999432e+02 1.004371782382341394e+02
-3.859999999999999432e+02 1.004632694053057662e+02
-3.819999999999998863e+02 1.004926805353416057e+02
-3.779999999999999432e+02 1.005252005173553016e+02
-3.739999999999999432e+02 1.005601902046886948e+02
-3.699999999999999432e+02 1.005974514721293076e+02
-3.659999999999999432e+02 1.006368044803958242e+02
-3.619999999999999432e+02 1.006780373606854369e+02
-3.579999999999998863e+02 1.007209160004387627e+02
-3.539999999999998863e+02 1.007651963791230969e+02
-3.499999999999999432e+02 1.008106376952247274e+02
-3.459999999999999432e+02 1.008570146968916106e+02
-3.419999999999998863e+02 1.009041277811400050e+02
-3.379999999999999432e+02 1.009518099386900190e+02
-3.339999999999998863e+02 1.009999404686680577e+02
-3.299999999999998863e+02 1.010484298956419025e+02
-3.259999999999999432e+02 1.010971929430390333e+02
-3.219999999999999432e+02 1.011461844813309767e+02
-3.179999999999998863e+02 1.011953791120459414e+02
-3.139999999999999432e+02 1.012447618472015165e+02
-3.099999999999998863e+02 1.012943191271837122e+02
-3.059999999999998863e+02 1.013440310818753005e+02
-3.019999999999999432e+02 1.013938685471698022e+02
-2.979999999999999432e+02 1.014437842281240592e+02
-2.939999999999999432e+02 1.014936852277369326e+02
-2.899999999999999432e+02 1.015434796643450568e+02
-2.859999999999998863e+02 1.015930634430974351e+02
-2.819999999999998863e+02 1.016423258545670478e+02
-2.779999999999999432e+02 1.016911560242232326e+02
-2.739999999999999432e+02 1.017394494681606716e+02
-2.699999999999999432e+02 1.017871140123880309e+02
-2.659999999999999432e+02 1.018340744242410665e+02
-2.619999999999998863e+02 1.018802753120771740e+02
-2.579999999999998863e+02 1.019256820235941632e+02
-2.539999999999999147e+02 1.019702795060026688e+02
-2.499999999999999432e+02 1.020140693288482794e+02
-2.459999999999998863e+02 1.020570652210330422e+02
-2.419999999999999147e+02 1.020992876821025561e+02
-2.379999999999999432e+02 1.021407582599604211e+02
-2.339999999999998863e+02 1.021814941220310970e+02
-2.299999999999999147e+02 1.022215034876439290e+02
-2.259999999999999432e+02 1.022607823807480827e+02
-2.219999999999998863e+02 1.022993129991813817e+02
-2.179999999999999147e+02 1.023370638589015016e+02
-2.139999999999999432e+02 1.023739916010109710e+02
-2.099999999999998863e+02 1.024100442338589119e+02
-2.059999999999999147e+02 1.024451654565538661e+02
-2.019999999999999432e+02 1.024792995187086717e+02
-1.979999999999998863e+02 1.025123961310315508e+02
-1.939999999999999147e+02 1.025444148522098544e+02
-1.899999999999999147e+02 1.025753285080086243e+02
-1.859999999999998863e+02 1.026051252579630386e+02
-1.819999999999999147e+02 1.026338091249228341e+02
-1.779999999999999147e+02 1.026613989135170755e+02
-1.739999999999998863e+02 1.026879256348352101e+02
-1.699999999999999147e+02 1.027134286513569350e+02
-1.659999999999999147e+02 1.027379509590630846e+02
-1.619999999999998863e+02 1.027615340496706722e+02
-1.579999999999999147e+02 1.027842128184673243e+02
-1.539999999999999147e+02 1.028060110259924613e+02
-1.499999999999998863e+02 1.028269377140354095e+02
-1.459999999999999147e+02 1.028469849437959169e+02
-1.419999999999999147e+02 1.028661270835901860e+02
-1.379999999999998863e+02 1.028843292419752515e+02
-1.339999999999999147e+02 1.029019622957980005e+02
-1.299999999999999147e+02 1.029192255599899681e+02
-1.259999999999998863e+02 1.029361146117449266e+02
-1.219999999999999005e+02 1.029526325225393180e+02
-1.179999999999999147e+02 1.029687973058969988e+02
-1.139999999999998863e+02 1.029846491090307836e+02
-1.099999999999999005e+02 1.030002564869560615e+02
-1.059999999999999147e+02 1.030157211021552257e+02
-1.019999999999999289e+02 1.030310477163786231e+02
-9.799999999999990052e+01 1.030454088850402741e+02
-9.399999999999991473e+01 1.030587401299193857e+02
-8.999999999999992895e+01 1.030711870365760774e+02
-8.599999999999990052e+01 1.030829022063895195e+02
-8.199999999999991473e+01 1.030940303388995858e+02
-7.799999999999992895e+01 1.031046902375481409e+02
-7.399999999999990052e+01 1.031149546302593194e+02
-6.999999999999991473e+01 1.031248292685725687e+02
-6.599999999999992895e+01 1.031342333439122854e+02
-6.199999999999989342e+01 1.031429838508977355e+02
-5.799999999999990763e+01 1.031507871065645645e+02
-5.399999999999992895e+01 1.031572409029711253e+02
-4.999999999999989342e+01 1.031618507820733726e+02
-4.599999999999990763e+01 1.031640634029519106e+02
-4.199999999999992895e+01 1.031633187497633344e+02
-3.799999999999989342e+01 1.031591211522790559e+02
-3.399999999999990763e+01 1.031511268370142034e+02
-2.999999999999992539e+01 1.031392433370626236e+02
-2.599999999999988987e+01 1.031237339404416389e+02
-2.199999999999990408e+01 1.031054377289172521e+02
-1.799999999999986855e+01 1.030880114217692949e+02
-1.399999999999988631e+01 1.030740265515959777e+02
-9.999999999999904077e+00 1.030662432739287624e+02
-5.999999999999920952e+00 1.030678756703163685e+02
-1.999999999999938494e+00 1.030801678265489727e+02
2.000000000000150102e+00 1.031050410630094802e+02
6.000000000000133227e+00 1.031449259386963035e+02
1.000000000000011546e+01 1.032010299769170274e+02
1.400000000000009948e+01 1.032724727840249557e+02
1.800000000000008171e+01 1.033552434473151038e+02
2.200000000000006395e+01 1.034411166320936104e+02
2.600000000000004619e+01 1.035167843259868050e+02
3.000000000000013500e+01 1.035635464670887131e+02
3.400000000000012079e+01 1.035578729492249863e+02
3.800000000000009948e+01 1.034728787436270068e+02
4.200000000000008527e+01 1.032799339358434167e+02
4.600000000000007105e+01 1.029468957091186212e+02
5.000000000000004974e+01 1.024142616076646277e+02
5.400000000000014211e+01 1.015846935080166986e+02
5.800000000000012079e+01 1.002529473985916866e+02
