-4.979999999999999432e+02 8.377859037212198245e+01
-4.939999999999999432e+02 8.441338320734200806e+01
-4.899999999999999432e+02 8.483213475015736549e+01
-4.859999999999998863e+02 8.517349627498754217e+01
-4.819999999999998863e+02 8.547695795060883484e+01
-4.779999999999998863e+02 8.575080300240978204e+01
-4.739999999999999432e+02 8.599421842384424508e+01
-4.699999999999999432e+02 8.620587464154510826e+01
-4.659999999999998863e+02 8.638708562721819817e+01
-4.619999999999999432e+02 8.654330194832959933e+01
-4.579999999999999432e+02 8.668277134002073581e+01
-4.539999999999998863e+02 8.681510039266504464e+01
-4.499999999999999432e+02 8.694874974078879859e+01
-4.459999999999999432e+02 8.709001007700783248e+01
-4.419999999999998863e+02 8.724325682828981599e+01
-4.379999999999999432e+02 8.741009420328009583e+01
-4.339999999999999432e+02 8.759033462343057863e+01
-4.299999999999998863e+02 8.778293561538220047e+01
-4.259999999999999432e+02 8.798480653581748356e+01
-4.219999999999999432e+02 8.819171290052884160e+01
-4.179999999999999432e+02 8.839869637636593325e+01
-4.139999999999999432e+02 8.860050091276059447e+01
-4.099999999999999432e+02 8.879197699091827189e+01
-4.059999999999998863e+02 8.896843609475524772e+01
-4.019999999999999432e+02 8.912593166195620142e+01
-3.979999999999999432e+02 8.926145068584878572e+01
-3.939999999999999432e+02 8.937301027446147828e+01
-3.899999999999999432e+02 8.945966409204100955e+01
-3.859999999999999432e+02 8.952143286980646053e+01
-3.819999999999998863e+02 8.955916761649456248e+01
-3.779999999999999432e+02 8.957433167071479829e+01
-3.739999999999999432e+02 8.956913155029297968e+01
-3.699999999999999432e+02 8.954596789990080197e+01
-3.659999999999999432e+02 8.950746069968352003e+01
-3.619999999999999432e+02 8.945632277992615400e+01
-3.579999999999998863e+02 8.939525604704982698e+01
-3.539999999999998863e+02 8.932686698749944298e+01
-3.499999999999999432e+02 8.925359667433593813e+01
-3.459999999999999432e+02 8.917761138253553099e+01
-3.419999999999998863e+02 8.910087681485890698e+01
-3.379999999999999432e+02 8.902506012625349285e+01
-3.339999999999998863e+02 8.895145960753137615e+01
-3.299999999999998863e+02 8.888102255497932447e+01
-3.259999999999999432e+02 8.881435262228188776e+01
-3.219999999999999432e+02 8.875173504157402249e+01
-3.179999999999998863e+02 8.869317701002296417e+01
-3.139999999999999432e+02 8.863845873095038996e+01
-3.099999999999998863e+02 8.858718986615923541e+01
-3.059999999999998863e+02 8.853886636455831649e+01
-3.019999999999999432e+02 8.849292371800703449e+01
-2.979999999999999432e+02 8.844878416549312306e+01
-2.939999999999999432e+02 8.840589685474543558e+01
-2.899999999999999432e+02 8.836377104663421278e+01
-2.859999999999998863e+02 8.832200292962659205e+01
-2.819999999999998863e+02 8.828029649953168700e+01
-2.779999999999999432e+02 8.823847833172840183e+01
-2.739999999999999432e+02 8.819650539327545857e+01
-2.699999999999999432e+02 8.815446463616581241e+01
-2.659999999999999432e+02 8.811256320112272533e+01
-2.619999999999998863e+02 8.807110873242629623e+01
-2.579999999999998863e+02 8.803048052083067887e+01
-2.539999999999999147e+02 8.799109364944615663e+01
-2.499999999999999432e+02 8.795335941805905122e+01
-2.459999999999998863e+02 8.791764605445752068e+01
-2.419999999999999147e+02 8.788424367075998589e+01
-2.379999999999999432e+02 8.785333675706050371e+01
-2.339999999999998863e+02 8.782498637166685285e+01
-2.299999999999999147e+02 8.779912299635930140e+01
-2.259999999999999432e+02 8.777554997061690756e+01
-2.219999999999998863e+02 8.775395661474550479e+01
-2.179999999999999147e+02 8.773393978519823122e+01
-2.139999999999999432e+02 8.771503231257446487e+01
-2.099999999999998863e+02 8.769673666448710492e+01
-2.059999999999999147e+02 8.767856191868310134e+01
-2.019999999999999432e+02 8.766006166865787463e+01
-1.979999999999998863e+02 8.764087002320098918e+01
-1.939999999999999147e+02 8.762073250570205118e+01
-1.899999999999999147e+02 8.759952854685957391e+01
-1.859999999999998863e+02 8.757728272986764750e+01
-1.819999999999999147e+02 8.755416291941907048e+01
-1.779999999999999147e+02 8.753046484076497791e+01
-1.739999999999998863e+02 8.750658434898952009e+01
-1.699999999999999147e+02 8.748298021557019410e+01
-1.659999999999999147e+02 8.746013142034382781e+01
-1.619999999999998863e+02 8.743849349003176030e+01
-1.579999999999999147e+02 8.741845831471016481e+01
-1.539999999999999147e+02 8.740032125084002246e+01
-1.499999999999998863e+02 8.738425822635355189e+01
-1.459999999999999147e+02 8.737031449168455310e+01
-1.419999999999999147e+02 8.735840552144384219e+01
-1.379999999999998863e+02 8.734832961559823161e+01
-1.339999999999999147e+02 8.733979092165884595e+01
-1.299999999999999147e+02 8.733243076727677590e+01
-1.259999999999998863e+02 8.732586452155777579e+01
-1.219999999999999005e+02 8.731972041678909591e+01
-1.179999999999999147e+02 8.731367619083277987e+01
-1.139999999999998863e+02 8.730748920662676937e+01
-1.099999999999999005e+02 8.730101596765490513e+01
-1.059999999999999147e+02 8.729421787722560566e+01
-1.019999999999999289e+02 8.728715164146871075e+01
-9.799999999999990052e+01 8.727994479961108709e+01
-9.399999999999991473e+01 8.727275902045062139e+01
-8.999999999999992895e+01 8.726574590918357899e+01
-8.599999999999990052e+01 8.725900150232428132e+01
-8.199999999999991473e+01 8.725252645498119364e+01
-7.799999999999992895e+01 8.724619870653157250e+01
-7.399999999999990052e+01 8.723976439346449752e+01
-6.999999999999991473e+01 8.723285102921363432e+01
-6.599999999999992895e+01 8.722500460484280893e+01
-6.199999999999989342e+01 8.721574970078768274e+01
-5.799999999999990763e+01 8.720466930293810037e+01
-5.399999999999992895e+01 8.719149901056903218e+01
-4.999999999999989342e+01 8.717622920498996564e+01
-4.599999999999990763e+01 8.715920879802268928e+01
-4.199999999999992895e+01 8.714124525696365708e+01
-3.799999999999989342e+01 8.712369726284163107e+01
-3.399999999999990763e+01 8.710855784973199434e+01
-2.999999999999992539e+01 8.709852597454784018e+01
-2.599999999999988987e+01 8.709706219247482295e+01
-2.199999999999990408e+01 8.710841885212016678e+01
-1.799999999999986855e+01 8.713762693068952103e+01
-1.399999999999988631e+01 8.719041026577571074e+01
-9.999999999999904077e+00 8.727298361641578595e+01
-5.999999999999920952e+00 8.739167450954511196e+01
-1.999999999999938494e+00 8.755229551718952052e+01
2.000000000000150102e+00 8.775919891004934925e+01
6.000000000000133227e+00 8.801399883198558882e+01
1.000000000000011546e+01 8.831408278487072039e+01
1.400000000000009948e+01 8.865126495985049360e+01
1.800000000000008171e+01 8.901119321997560974e+01
2.200000000000006395e+01 8.937423040924676343e+01
2.600000000000004619e+01 8.972505285244659490e+01
3.000000000000013500e+01 9.002522389047129536e+01
3.400000000000012079e+01 9.024838227036462968e+01
3.800000000000009948e+01 9.040209744598070074e+01
4.200000000000008527e+01 9.049611701335544467e+01
4.600000000000007105e+01 9.054942852699707601e+01
5.000000000000004974e+01 9.059743296749604724e+01
5.400000000000014211e+01 9.066316239965203749e+01
5.800000000000012079e+01 9.077197523653018152e+01
6.200000000000010658e+01 9.088008020286798683e+01
