-4.979999999999999432e+02 9.703392117412693096e+01
-4.939999999999999432e+02 9.735319095335393058e+01
-4.899999999999999432e+02 9.750815969916845916e+01
-4.859999999999998863e+02 9.759052906231204361e+01
-4.819999999999998863e+02 9.762076566116581944e+01
-4.779999999999998863e+02 9.760943825765286874e+01
-4.739999999999999432e+02 9.756570200795368919e+01
-4.699999999999999432e+02 9.750088662560591501e+01
-4.659999999999998863e+02 9.742477192334729352e+01
-4.619999999999999432e+02 9.734443665252990741e+01
-4.579999999999999432e+02 9.726514492763038788e+01
-4.539999999999998863e+02 9.719053601088262440e+01
-4.499999999999999432e+02 9.712291610683956833e+01
-4.459999999999999432e+02 9.706355476233210311e+01
-4.419999999999998863e+02 9.701294605253411873e+01
-4.379999999999999432e+02 9.697102672075158125e+01
-4.339999999999999432e+02 9.693605004334256137e+01
-4.299999999999998863e+02 9.690729834003508358e+01
-4.259999999999999432e+02 9.688414507313143531e+01
-4.219999999999999432e+02 9.686591232754631164e+01
-4.179999999999999432e+02 9.685248738551416636e+01
-4.139999999999999432e+02 9.684387917714713012e+01
-4.099999999999999432e+02 9.683942104118932548e+01
-4.059999999999998863e+02 9.683869660578920957e+01
-4.019999999999999432e+02 9.684142118390104770e+01
-3.979999999999999432e+02 9.684741969455626531e+01
-3.939999999999999432e+02 9.685659735260367142e+01
-3.899999999999999432e+02 9.686890694460527129e+01
-3.859999999999999432e+02 9.688431642063574145e+01
-3.819999999999998863e+02 9.690278005285694007e+01
-3.779999999999999432e+02 9.692421571071531616e+01
-3.739999999999999432e+02 9.694848993286518635e+01
-3.699999999999999432e+02 9.697541144907864918e+01
-3.659999999999999432e+02 9.700473295702369114e+01
-3.619999999999999432e+02 9.703616007481292627e+01
-3.579999999999998863e+02 9.706936581162398170e+01
-3.539999999999998863e+02 9.710400847252452650e+01
-3.499999999999999432e+02 9.713975075231024903e+01
-3.459999999999999432e+02 9.717627781112958019e+01
-3.419999999999998863e+02 9.721331249679423081e+01
-3.379999999999999432e+02 9.725062620963757354e+01
-3.339999999999998863e+02 9.728804459760317513e+01
-3.299999999999998863e+02 9.732544777394878110e+01
-3.259999999999999432e+02 9.736276541391487171e+01
-3.219999999999999432e+02 9.739996759845303131e+01
-3.179999999999998863e+02 9.743705263154254226e+01
-3.139999999999999432e+02 9.747403330508433328e+01
-3.099999999999998863e+02 9.751092317271354659e+01
-3.059999999999998863e+02 9.754772427216153119e+01
-3.019999999999999432e+02 9.758441749609767157e+01
-2.979999999999999432e+02 9.762095651014146824e+01
-2.939999999999999432e+02 9.765726563086957412e+01
-2.899999999999999432e+02 9.769324173150954493e+01
-2.859999999999998863e+02 9.772875973808510253e+01
-2.819999999999998863e+02 9.776368096538516284e+01
-2.779999999999999432e+02 9.779786327981003069e+01
-2.739999999999999432e+02 9.783117184309674030e+01
-2.699999999999999432e+02 9.786348927462677239e+01
-2.659999999999999432e+02 9.789472407565369849e+01
-2.619999999999998863e+02 9.792481640320460201e+01
-2.579999999999998863e+02 9.795374060989303189e+01
-2.539999999999999147e+02 9.798150431960800688e+01
-2.499999999999999432e+02 9.800814420937331306e+01
-2.459999999999998863e+02 9.803371899611613571e+01
-2.419999999999999147e+02 9.805830046608531347e+01
-2.379999999999999432e+02 9.808196353825496772e+01
-2.339999999999998863e+02 9.810477643549324966e+01
-2.299999999999999147e+02 9.812679205740829502e+01
-2.259999999999999432e+02 9.814804138893964591e+01
-2.219999999999998863e+02 9.816852963053946723e+01
-2.179999999999999147e+02 9.818823542456829045e+01
-2.139999999999999432e+02 9.820711316623373932e+01
-2.099999999999998863e+02 9.822509810107851536e+01
-2.059999999999999147e+02 9.824211364158799142e+01
-2.019999999999999432e+02 9.825808005578636539e+01
-1.979999999999998863e+02 9.827292357005507029e+01
-1.939999999999999147e+02 9.828658490167333639e+01
-1.899999999999999147e+02 9.829902633759979835e+01
-1.859999999999998863e+02 9.831023656032829194e+01
-1.819999999999999147e+02 9.832023273111303752e+01
-1.779999999999999147e+02 9.832905964816893629e+01
-1.739999999999998863e+02 9.833678606994243410e+01
-1.699999999999999147e+02 9.834349858925747867e+01
-1.659999999999999147e+02 9.834929377150422170e+01
-1.619999999999998863e+02 9.835426930984414184e+01
-1.579999999999999147e+02 9.835851512673878005e+01
-1.539999999999999147e+02 9.836210535943757804e+01
-1.499999999999998863e+02 9.836509197183232800e+01
-1.459999999999999147e+02 9.836750066059073561e+01
-1.419999999999999147e+02 9.836932944191295292e+01
-1.379999999999998863e+02 9.837055007717611943e+01
-1.339999999999999147e+02 9.837111220178138637e+01
-1.299999999999999147e+02 9.837076640058444355e+01
-1.259999999999998863e+02 9.836917834526315119e+01
-1.219999999999999005e+02 9.836624227595984848e+01
-1.179999999999999147e+02 9.836186308126303857e+01
-1.139999999999998863e+02 9.835596424253435544e+01
-1.099999999999999005e+02 9.834849537489617433e+01
-1.059999999999999147e+02 9.833943774993906572e+01
-1.019999999999999289e+02 9.832880723174258719e+01
-9.799999999999990052e+01 9.831665423393178571e+01
-9.399999999999991473e+01 9.830306045119687042e+01
-8.999999999999992895e+01 9.828813229431852960e+01
-8.599999999999990052e+01 9.827199113211008807e+01
-8.199999999999991473e+01 9.825476054449052299e+01
-7.799999999999992895e+01 9.823655103884425444e+01
-7.399999999999990052e+01 9.821744274704144573e+01
-6.999999999999991473e+01 9.819746692326225457e+01
-6.599999999999992895e+01 9.817658724106308910e+01
-6.199999999999989342e+01 9.815468227344410934e+01
-5.799999999999990763e+01 9.813153080920039883e+01
-5.399999999999992895e+01 9.810680213629996160e+01
-4.999999999999989342e+01 9.808064480537598229e+01
-4.599999999999990763e+01 9.805334288221155248e+01
-4.199999999999992895e+01 9.802438488479094758e+01
-3.799999999999989342e+01 9.799324812447821387e+01
-3.399999999999990763e+01 9.795946412000643022e+01
-2.999999999999992539e+01 9.792269567037800471e+01
-2.599999999999988987e+01 9.788282268805164676e+01
-2.199999999999990408e+01 9.784002898323473119e+01
-1.799999999999986855e+01 9.779487962822707914e+01
-1.399999999999988631e+01 9.774837686376974943e+01
-9.999999999999904077e+00 9.770198197051399802e+01
-5.999999999999920952e+00 9.765759156911337868e+01
-1.999999999999938494e+00 9.761740394033625989e+01
2.000000000000150102e+00 9.758194421305711330e+01
6.000000000000133227e+00 9.755325653480917936e+01
1.000000000000011546e+01 9.753354739324407774e+01
1.400000000000009948e+01 9.752458750552756328e+01
1.800000000000008171e+01 9.752728650126874754e+01
2.200000000000006395e+01 9.754114857809855721e+01
2.600000000000004619e+01 9.756365632424137857e+01
3.000000000000013500e+01 9.758970925550363518e+01
3.400000000000012079e+01 9.761132042517522223e+01
3.800000000000009948e+01 9.761778784328959091e+01
4.200000000000008527e+01 9.759674779635690811e+01
4.600000000000007105e+01 9.753608894380852234e+01
5.000000000000004974e+01 9.742504598192300591e+01
5.400000000000014211e+01 9.725776150227727612e+01
5.800000000000012079e+01 9.703541835237263058e+01
6.200000000000010658e+01 9.676767112565738671e+01
6.600000000000008527e+01 9.647822943988194311e+01
7.000000000000007105e+01 9.600637734813892621e+01
7.400000000000005684e+01 9.533808417781386879e+01
