-4.979999999999999432e+02 8.392434232281669892e+01
-4.939999999999999432e+02 8.453336683466363866e+01
-4.899999999999999432e+02 8.493403303273601068e+01
-4.859999999999998863e+02 8.525938899361227641e+01
-4.819999999999998863e+02 8.554778251451210735e+01
-4.779999999999998863e+02 8.580830979044458218e+01
-4.739999999999999432e+02 8.604069183745269811e+01
-4.699999999999999432e+02 8.624410569936850379e+01
-4.659999999999998863e+02 8.642069779530339702e+01
-4.619999999999999432e+02 8.657617301819351496e+01
-4.579999999999999432e+02 8.671834715264094484e+01
-4.539999999999998863e+02 8.685560357297424616e+01
-4.499999999999999432e+02 8.699551380079225282e+01
-4.459999999999999432e+02 8.714397674974139818e+01
-4.419999999999998863e+02 8.730430913446502927e+01
-4.379999999999999432e+02 8.747802094506732828e+01
-4.339999999999999432e+02 8.766534409204666645e+01
-4.299999999999998863e+02 8.786448938999183156e+01
-4.259999999999999432e+02 8.807225342580295546e+01
-4.219999999999999432e+02 8.828440420182880644e+01
-4.179999999999999432e+02 8.849608806876238987e+01
-4.139999999999999432e+02 8.870223170561490633e+01
-4.099999999999999432e+02 8.889791337647596947e+01
-4.059999999999998863e+02 8.907868034027188742e+01
-4.019999999999999432e+02 8.924079429718773326e+01
-3.979999999999999432e+02 8.938139455643715792e+01
-3.939999999999999432e+02 8.949835009289790833e+01
-3.899999999999999432e+02 8.959088877689953279e+01
-3.859999999999999432e+02 8.965911224106901045e+01
-3.819999999999998863e+02 8.970371191756214557e+01
-3.779999999999999432e+02 8.972604767438201634e+01
-3.739999999999999432e+02 8.972800032314842156e+01
-3.699999999999999432e+02 8.971182403822115248e+01
-3.659999999999999432e+02 8.968000956530278245e+01
-3.619999999999999432e+02 8.963516392545648159e+01
-3.579999999999998863e+02 8.957990793376143301e+01
-3.539999999999998863e+02 8.951678972160704006e+01
-3.499999999999999432e+02 8.944821165862123280e+01
-3.459999999999999432e+02 8.937636855860159812e+01
-3.419999999999998863e+02 8.930319668123081556e+01
-3.379999999999999432e+02 8.923033451702559660e+01
-3.339999999999998863e+02 8.915909737667578838e+01
-3.299999999999998863e+02 8.909046767273326850e+01
-3.259999999999999432e+02 8.902510170454991112e+01
-3.219999999999999432e+02 8.896335214456161111e+01
-3.179999999999998863e+02 8.890530377171131704e+01
-3.139999999999999432e+02 8.885081870993030861e+01
-3.099999999999998863e+02 8.879956666942922539e+01
-3.059999999999998863e+02 8.875116600890788732e+01
-3.019999999999999432e+02 8.870512308637512433e+01
-2.979999999999999432e+02 8.866091163336506042e+01
-2.939999999999999432e+02 8.861802104964425553e+01
-2.899999999999999432e+02 8.857599126509461485e+01
-2.859999999999998863e+02 8.853444143479379136e+01
-2.819999999999998863e+02 8.849309228045143527e+01
-2.779999999999999432e+02 8.845178143660677961e+01
-2.739999999999999432e+02 8.841047098289800488e+01
-2.699999999999999432e+02 8.836924612974974025e+01
-2.659999999999999432e+02 8.832830449184729105e+01
-2.619999999999998863e+02 8.828793598239553830e+01
-2.579999999999998863e+02 8.824849451135270328e+01
-2.539999999999999147e+02 8.821036376091120701e+01
-2.499999999999999432e+02 8.817392013759297242e+01
-2.459999999999998863e+02 8.813949657437837004e+01
-2.419999999999999147e+02 8.810735053093446822e+01
-2.379999999999999432e+02 8.807763909167152860e+01
-2.339999999999998863e+02 8.805040317803178596e+01
-2.299999999999999147e+02 8.802556168168484874e+01
-2.259999999999999432e+02 8.800291562950513935e+01
-2.219999999999998863e+02 8.798216167227650431e+01
-2.179999999999999147e+02 8.796291368355673512e+01
-2.139999999999999432e+02 8.794473096091735442e+01
-2.099999999999998863e+02 8.792715119859281003e+01
-2.059999999999999147e+02 8.790972604017491676e+01
-2.019999999999999432e+02 8.789205666955461993e+01
-1.979999999999998863e+02 8.787382653940619548e+01
-1.939999999999999147e+02 8.785482822055200813e+01
-1.899999999999999147e+02 8.783498148490087942e+01
-1.859999999999998863e+02 8.781434039828104687e+01
-1.819999999999999147e+02 8.779308819161713018e+01
-1.779999999999999147e+02 8.777151999458180853e+01
-1.739999999999998863e+02 8.775001506723737066e+01
-1.699999999999999147e+02 8.772900119063046986e+01
-1.659999999999999147e+02 8.770891507149025301e+01
-1.619999999999998863e+02 8.769016272641982823e+01
-1.579999999999999147e+02 8.767308369718875838e+01
-1.539999999999999147e+02 8.765792242628606346e+01
-1.499999999999998863e+02 8.764480913372011628e+01
-1.459999999999999147e+02 8.763375158071386295e+01
-1.419999999999999147e+02 8.762463821502603878e+01
-1.379999999999998863e+02 8.761725217368336871e+01
-1.339999999999999147e+02 8.761129485831219199e+01
-1.299999999999999147e+02 8.760641706624880953e+01
-1.259999999999998863e+02 8.760225475929496497e+01
-1.219999999999999005e+02 8.759846596163788490e+01
-1.179999999999999147e+02 8.759476494932420110e+01
-1.139999999999998863e+02 8.759094954573248515e+01
-1.099999999999999005e+02 8.758691793323737329e+01
-1.059999999999999147e+02 8.758267224237664550e+01
-1.019999999999999289e+02 8.757830780368038859e+01
-9.799999999999990052e+01 8.757398865944014688e+01
-9.399999999999991473e+01 8.756991196463530969e+01
-8.999999999999992895e+01 8.756626566073794038e+01
-8.599999999999990052e+01 8.756318500943189065e+01
-8.199999999999991473e+01 8.756071427746144309e+01
-7.799999999999992895e+01 8.755877966878108509e+01
-7.399999999999990052e+01 8.755717890603978049e+01
-6.999999999999991473e+01 8.755559108694359338e+01
-6.599999999999992895e+01 8.755360886370812068e+01
-6.199999999999989342e+01 8.755079237795507652e+01
-5.799999999999990763e+01 8.754674221071553575e+01
-5.399999999999992895e+01 8.754118669257780994e+01
-4.999999999999989342e+01 8.753407746797734035e+01
-4.599999999999990763e+01 8.752568706473101656e+01
-4.199999999999992895e+01 8.751670280649557299e+01
-3.799999999999989342e+01 8.750831314690520912e+01
-3.399999999999990763e+01 8.750228412593179428e+01
-2.999999999999992539e+01 8.750102442697158267e+01
-2.599999999999988987e+01 8.750763633398105412e+01
-2.199999999999990408e+01 8.752594566740481241e+01
-1.799999999999986855e+01 8.756049673081372475e+01
-1.399999999999988631e+01 8.761648793147554670e+01
-9.999999999999904077e+00 8.769961071888843662e+01
-5.999999999999920952e+00 8.781574025285982543e+01
-1.999999999999938494e+00 8.797041531355802135e+01
2.000000000000150102e+00 8.816805038285497176e+01
6.000000000000133227e+00 8.841086729989729065e+01
1.000000000000011546e+01 8.869764329566186234e+01
1.400000000000009948e+01 8.902255241394954055e+01
1.800000000000008171e+01 8.937457355721460317e+01
2.200000000000006395e+01 8.974235743720157643e+01
2.600000000000004619e+01 9.009846524459607053e+01
3.000000000000013500e+01 9.041538795939783313e+01
3.400000000000012079e+01 9.067418022750337059e+01
3.800000000000009948e+01 9.087428258934102132e+01
4.200000000000008527e+01 9.101199250168383514e+01
4.600000000000007105e+01 9.110536357753676384e+01
5.000000000000004974e+01 9.118220283743954724e+01
5.400000000000014211e+01 9.126512524315268138e+01
5.800000000000012079e+01 9.135934726195455369e+01
6.200000000000010658e+01 9.144016424651022135e+01
