-4.979999999999999432e+02 7.427950170070471358e+01
-4.939999999999999432e+02 7.463553097663555036e+01
-4.899999999999999432e+02 7.496875339237362823e+01
-4.859999999999998863e+02 7.533102628767227316e+01
-4.819999999999998863e+02 7.573450146640431058e+01
-4.779999999999998863e+02 7.617824799914359346e+01
-4.739999999999999432e+02 7.665395286196667257e+01
-4.699999999999999432e+02 7.714806737135199910e+01
-4.659999999999998863e+02 7.764385610117659553e+01
-4.619999999999999432e+02 7.812342373096322490e+01
-4.579999999999999432e+02 7.856871828012640435e+01
-4.539999999999998863e+02 7.896128469658731319e+01
-4.499999999999999432e+02 7.928176748137684626e+01
-4.459999999999999432e+02 7.951062765072941829e+01
-4.419999999999998863e+02 7.963480284297475009e+01
-4.379999999999999432e+02 7.964255713900234923e+01
-4.339999999999999432e+02 7.953108071813494462e+01
-4.299999999999998863e+02 7.931454026382778011e+01
-4.259999999999999432e+02 7.901826595041006840e+01
-4.219999999999999432e+02 7.867460918961626248e+01
-4.179999999999999432e+02 7.831807945917881852e+01
-4.139999999999999432e+02 7.798098452617125531e+01
-4.099999999999999432e+02 7.769017520966855272e+01
-4.059999999999998863e+02 7.746523755218316865e+01
-4.019999999999999432e+02 7.731683666403603183e+01
-3.979999999999999432e+02 7.725495887610691170e+01
-3.939999999999999432e+02 7.728065927278720437e+01
-3.899999999999999432e+02 7.739165752860776593e+01
-3.859999999999999432e+02 7.758520285082465762e+01
-3.819999999999998863e+02 7.786446118418064088e+01
-3.779999999999999432e+02 7.823170832218477244e+01
-3.739999999999999432e+02 7.868350363949241455e+01
-3.699999999999999432e+02 7.921625956156071879e+01
-3.659999999999999432e+02 7.982361563502990975e+01
-3.619999999999999432e+02 8.049689297412965061e+01
-3.579999999999998863e+02 8.122684433126943304e+01
-3.539999999999998863e+02 8.200654370638255841e+01
-3.499999999999999432e+02 8.290371919355277441e+01
-3.459999999999999432e+02 8.379876838799157213e+01
-3.419999999999998863e+02 8.464932406602014225e+01
-3.379999999999999432e+02 8.540270341012933386e+01
-3.339999999999998863e+02 8.598565156471607906e+01
-3.299999999999998863e+02 8.630731039309836206e+01
-3.259999999999999432e+02 8.630936032203993591e+01
-3.219999999999999432e+02 8.602414160585840364e+01
-3.179999999999998863e+02 8.553398267010720701e+01
-3.139999999999999432e+02 8.494891653385582231e+01
-3.099999999999998863e+02 8.434614608288211457e+01
-3.059999999999998863e+02 8.378557458863878082e+01
-3.019999999999999432e+02 8.330413542380830449e+01
-2.979999999999999432e+02 8.292093776052536214e+01
-2.939999999999999432e+02 8.264229539353226528e+01
-2.899999999999999432e+02 8.246559537544771956e+01
-2.859999999999998863e+02 8.238203525619343282e+01
-2.819999999999998863e+02 8.237854372965273342e+01
-2.779999999999999432e+02 8.243920549356107585e+01
-2.739999999999999432e+02 8.254643988926744669e+01
-2.699999999999999432e+02 8.268201025022761996e+01
-2.659999999999999432e+02 8.282833597887122323e+01
-2.619999999999998863e+02 8.296964793533584270e+01
-2.579999999999998863e+02 8.309232583469690780e+01
-2.539999999999999147e+02 8.318634367217515546e+01
-2.499999999999999432e+02 8.324597395501513120e+01
-2.459999999999998863e+02 8.326969886119178454e+01
-2.419999999999999147e+02 8.326014014506370131e+01
-2.379999999999999432e+02 8.322347762319947151e+01
-2.339999999999998863e+02 8.316852638304402490e+01
-2.299999999999999147e+02 8.310562851177303401e+01
-2.259999999999999432e+02 8.304535485495694047e+01
-2.219999999999998863e+02 8.299731222498382976e+01
-2.179999999999999147e+02 8.296926408116797802e+01
-2.139999999999999432e+02 8.296646713258678574e+01
-2.099999999999998863e+02 8.299132229254200865e+01
-2.059999999999999147e+02 8.304331255508810727e+01
-2.019999999999999432e+02 8.311919263697592442e+01
-1.979999999999998863e+02 8.321338981556738190e+01
-1.939999999999999147e+02 8.331857331774330078e+01
-1.899999999999999147e+02 8.342634443119817433e+01
-1.859999999999998863e+02 8.352801155781156695e+01
-1.819999999999999147e+02 8.361591302884409060e+01
-1.779999999999999147e+02 8.368227753358661403e+01
-1.739999999999998863e+02 8.372162106989105723e+01
-1.699999999999999147e+02 8.373085533054586449e+01
-1.659999999999999147e+02 8.370962587597529136e+01
-1.619999999999998863e+02 8.366039818534153483e+01
-1.579999999999999147e+02 8.358827297188264538e+01
-1.539999999999999147e+02 8.350053797210841822e+01
-1.499999999999998863e+02 8.340570430320735795e+01
-1.459999999999999147e+02 8.331308580389219287e+01
-1.419999999999999147e+02 8.323215129506280618e+01
-1.379999999999998863e+02 8.317136521070710842e+01
-1.339999999999999147e+02 8.313747512997281319e+01
-1.299999999999999147e+02 8.313498637622973320e+01
-1.259999999999998863e+02 8.316591277266456927e+01
-1.219999999999999005e+02 8.322979590155904361e+01
-1.179999999999999147e+02 8.332394409650248690e+01
-1.139999999999998863e+02 8.344382113024568071e+01
-1.099999999999999005e+02 8.358324835345632664e+01
-1.059999999999999147e+02 8.373618250943815156e+01
-1.019999999999999289e+02 8.389581842451491411e+01
-9.799999999999990052e+01 8.405471907866592574e+01
-9.399999999999991473e+01 8.420533988596872632e+01
-8.999999999999992895e+01 8.434025220072282991e+01
-8.599999999999990052e+01 8.445242955562116549e+01
-8.199999999999991473e+01 8.453564900845600505e+01
-7.799999999999992895e+01 8.458501276379769251e+01
-7.399999999999990052e+01 8.459752874393905131e+01
-6.999999999999991473e+01 8.457262866949821500e+01
-6.599999999999992895e+01 8.451247858475272778e+01
-6.199999999999989342e+01 8.442196275990386312e+01
-5.799999999999990763e+01 8.430829042291065889e+01
-5.399999999999992895e+01 8.418025936578857227e+01
-4.999999999999989342e+01 8.404728773067472503e+01
-4.599999999999990763e+01 8.391839084206151256e+01
-4.199999999999992895e+01 8.380134172192742881e+01
-3.799999999999989342e+01 8.370229660500683622e+01
-3.399999999999990763e+01 8.362613988346390670e+01
-2.999999999999992539e+01 8.357765371762985751e+01
-2.599999999999988987e+01 8.356334515421161768e+01
-2.199999999999990408e+01 8.359342486852256116e+01
-1.799999999999986855e+01 8.368310944822383135e+01
-1.399999999999988631e+01 8.385223029683743334e+01
-9.999999999999904077e+00 8.412231834315684864e+01
-5.999999999999920952e+00 8.451126061521586053e+01
-1.999999999999938494e+00 8.502735905639639213e+01
2.000000000000150102e+00 8.566604335672758452e+01
6.000000000000133227e+00 8.641124341469480896e+01
1.000000000000011546e+01 8.724302493341059517e+01
1.400000000000009948e+01 8.815868871581295707e+01
1.800000000000008171e+01 8.909637499601547006e+01
2.200000000000006395e+01 9.002449967643855189e+01
2.600000000000004619e+01 9.070677571847767240e+01
3.000000000000013500e+01 9.103889306003827642e+01
3.400000000000012079e+01 9.077698590999807493e+01
3.800000000000009948e+01 8.997583686124636415e+01
4.200000000000008527e+01 8.890249812084067571e+01
4.600000000000007105e+01 8.772885397337984159e+01
5.000000000000004974e+01 8.664848043656422760e+01
5.400000000000014211e+01 8.554855745443103388e+01
