-4.979999999999999432e+02 8.539592971652422193e+01
-4.939999999999999432e+02 8.585562480284869480e+01
-4.899999999999999432e+02 8.615251082286772544e+01
-4.859999999999998863e+02 8.638581387561725933e+01
-4.819999999999998863e+02 8.658572170447069993e+01
-4.779999999999998863e+02 8.676283167007670727e+01
-4.739999999999999432e+02 8.692161831295493357e+01
-4.699999999999999432e+02 8.706546181725275346e+01
-4.659999999999998863e+02 8.719849622688781210e+01
-4.619999999999999432e+02 8.732582729992731174e+01
-4.579999999999999432e+02 8.745297237528706091e+01
-4.539999999999998863e+02 8.758510382432922370e+01
-4.499999999999999432e+02 8.772642440952802190e+01
-4.459999999999999432e+02 8.787979371780153315e+01
-4.419999999999998863e+02 8.804659966110563118e+01
-4.379999999999999432e+02 8.822593018580141688e+01
-4.339999999999999432e+02 8.841631803808070345e+01
-4.299999999999998863e+02 8.861523114270130463e+01
-4.259999999999999432e+02 8.881976114086063490e+01
-4.219999999999999432e+02 8.902657185031461040e+01
-4.179999999999999432e+02 8.923214368984849898e+01
-4.139999999999999432e+02 8.943298680556534919e+01
-4.099999999999999432e+02 8.962581477507058025e+01
-4.059999999999998863e+02 8.980767583771415730e+01
-4.019999999999999432e+02 8.997604308506117832e+01
-3.979999999999999432e+02 9.012881697167830453e+01
-3.939999999999999432e+02 9.026370934208813424e+01
-3.899999999999999432e+02 9.037995860653933278e+01
-3.859999999999999432e+02 9.047717039827858798e+01
-3.819999999999998863e+02 9.055541151879492645e+01
-3.779999999999999432e+02 9.061517260228248460e+01
-3.739999999999999432e+02 9.065732332230481916e+01
-3.699999999999999432e+02 9.068306136951986218e+01
-3.659999999999999432e+02 9.069385584883661977e+01
-3.619999999999999432e+02 9.069138581258425802e+01
-3.579999999999998863e+02 9.067747500964168239e+01
-3.539999999999998863e+02 9.065402454778728725e+01
-3.499999999999999432e+02 9.062294569573663239e+01
-3.459999999999999432e+02 9.058609547747721535e+01
-3.419999999999998863e+02 9.054521782401360497e+01
-3.379999999999999432e+02 9.050189279140460030e+01
-3.339999999999998863e+02 9.045749592761706026e+01
-3.299999999999998863e+02 9.041316925237850910e+01
-3.259999999999999432e+02 9.036980464191555029e+01
-3.219999999999999432e+02 9.032803968234611602e+01
-3.179999999999998863e+02 9.028826554024806228e+01
-3.139999999999999432e+02 9.025064581271630004e+01
-3.099999999999998863e+02 9.021514499306124435e+01
-3.059999999999998863e+02 9.018156471752121206e+01
-3.019999999999999432e+02 9.014958565819580372e+01
-2.979999999999999432e+02 9.011881272978240531e+01
-2.939999999999999432e+02 9.008882100005257598e+01
-2.899999999999999432e+02 9.005919947855676355e+01
-2.859999999999998863e+02 9.002959018513837464e+01
-2.819999999999998863e+02 8.999971992063029802e+01
-2.779999999999999432e+02 8.996942269823699689e+01
-2.739999999999999432e+02 8.993865139900032091e+01
-2.699999999999999432e+02 8.990747801078606471e+01
-2.659999999999999432e+02 8.987608279932396727e+01
-2.619999999999998863e+02 8.984473371398019026e+01
-2.579999999999998863e+02 8.981375805033678716e+01
-2.539999999999999147e+02 8.978350921473651169e+01
-2.499999999999999432e+02 8.975433162704035794e+01
-2.459999999999998863e+02 8.972652702931668500e+01
-2.419999999999999147e+02 8.970032516816968382e+01
-2.379999999999999432e+02 8.967586139192758310e+01
-2.339999999999998863e+02 8.965316301239249697e+01
-2.299999999999999147e+02 8.963214557621171252e+01
-2.259999999999999432e+02 8.961261926355467722e+01
-2.219999999999998863e+02 8.959430478790278585e+01
-2.179999999999999147e+02 8.957685740266288121e+01
-2.139999999999999432e+02 8.955989685010541734e+01
-2.099999999999998863e+02 8.954304064093764737e+01
-2.059999999999999147e+02 8.952593756885988796e+01
-2.019999999999999432e+02 8.950829840048254482e+01
-1.979999999999998863e+02 8.948992082515917446e+01
-1.939999999999999147e+02 8.947070622628865522e+01
-1.899999999999999147e+02 8.945066322040844398e+01
-1.859999999999998863e+02 8.942992826989819832e+01
-1.819999999999999147e+02 8.940872402908746608e+01
-1.779999999999999147e+02 8.938733410133755797e+01
-1.739999999999998863e+02 8.936608308361553554e+01
-1.699999999999999147e+02 8.934530362552123961e+01
-1.659999999999999147e+02 8.932530302306793146e+01
-1.619999999999998863e+02 8.930633251681274487e+01
-1.579999999999999147e+02 8.928856220408539457e+01
-1.539999999999999147e+02 8.927206388900509637e+01
-1.499999999999998863e+02 8.925680341312920518e+01
-1.459999999999999147e+02 8.924264321454916171e+01
-1.419999999999999147e+02 8.922935489915005292e+01
-1.379999999999998863e+02 8.921664069560421240e+01
-1.339999999999999147e+02 8.920416186446357187e+01
-1.299999999999999147e+02 8.919157135173537654e+01
-1.259999999999998863e+02 8.917854755874157036e+01
-1.219999999999999005e+02 8.916482580548347414e+01
-1.179999999999999147e+02 8.915022416841981112e+01
-1.139999999999998863e+02 8.913466088241597163e+01
-1.099999999999999005e+02 8.911816115617114065e+01
-1.059999999999999147e+02 8.910085239465064433e+01
-1.019999999999999289e+02 8.908294791872793894e+01
-9.799999999999990052e+01 8.906472057438293177e+01
-9.399999999999991473e+01 8.904646868220521583e+01
-8.999999999999992895e+01 8.902847768321123567e+01
-8.599999999999990052e+01 8.901098136808872141e+01
-8.199999999999991473e+01 8.899412681904658484e+01
-7.799999999999992895e+01 8.897794709026322835e+01
-7.399999999999990052e+01 8.896234527040928697e+01
-6.999999999999991473e+01 8.894709274618475092e+01
-6.599999999999992895e+01 8.893184370220166102e+01
-6.199999999999989342e+01 8.891616667094643844e+01
-5.799999999999990763e+01 8.889959250321288664e+01
-5.399999999999992895e+01 8.888167672463703184e+01
-4.999999999999989342e+01 8.886207267225302076e+01
-4.599999999999990763e+01 8.884061040834649248e+01
-4.199999999999992895e+01 8.881737563727557472e+01
-3.799999999999989342e+01 8.879278266806420561e+01
-3.399999999999990763e+01 8.876763634334650988e+01
-2.999999999999992539e+01 8.874317949738781408e+01
-2.599999999999988987e+01 8.872112471010501622e+01
-2.199999999999990408e+01 8.870367085791014006e+01
-1.799999999999986855e+01 8.869350514512728978e+01
-1.399999999999988631e+01 8.869378912937003179e+01
-9.999999999999904077e+00 8.870812139736591462e+01
-5.999999999999920952e+00 8.874046064821936852e+01
-1.999999999999938494e+00 8.879498202036506882e+01
2.000000000000150102e+00 8.887583090258829088e+01
6.000000000000133227e+00 8.898673991307697406e+01
1.000000000000011546e+01 8.913049730048066976e+01
1.400000000000009948e+01 8.930830838415931794e+01
1.800000000000008171e+01 8.951917290583850217e+01
2.200000000000006395e+01 8.975947937496647455e+01
2.600000000000004619e+01 9.002303024008091370e+01
3.000000000000013500e+01 9.030181817007451173e+01
3.400000000000012079e+01 9.058626638422737187e+01
3.800000000000009948e+01 9.085805819194195010e+01
4.200000000000008527e+01 9.111043294983034002e+01
4.600000000000007105e+01 9.134131346262438456e+01
5.000000000000004974e+01 9.155120410484357762e+01
5.400000000000014211e+01 9.173834856421967743e+01
5.800000000000012079e+01 9.189199660446615781e+01
6.200000000000010658e+01 9.196517348433803818e+01
6.600000000000008527e+01 9.191146431958622998e+01
7.000000000000007105e+01 9.145647416680924380e+01
