-4.979999999999999432e+02 9.250069046026584374e+01
-4.939999999999999432e+02 9.285285556579816557e+01
-4.899999999999999432e+02 9.305531052575969397e+01
-4.859999999999998863e+02 9.318437818727988997e+01
-4.819999999999998863e+02 9.326363927200202397e+01
-4.779999999999998863e+02 9.330382927885557365e+01
-4.739999999999999432e+02 9.331252577282396032e+01
-4.699999999999999432e+02 9.329659922118571558e+01
-4.659999999999998863e+02 9.326253347128806581e+01
-4.619999999999999432e+02 9.321619563182014190e+01
-4.579999999999999432e+02 9.316257810482471768e+01
-4.539999999999998863e+02 9.310565573354818980e+01
-4.499999999999999432e+02 9.304836868414304263e+01
-4.459999999999999432e+02 9.299201204387424013e+01
-4.419999999999998863e+02 9.293770077760598269e+01
-4.379999999999999432e+02 9.288627139340582062e+01
-4.339999999999999432e+02 9.283791733041726957e+01
-4.299999999999998863e+02 9.279251049002806440e+01
-4.259999999999999432e+02 9.275043751015664384e+01
-4.219999999999999432e+02 9.271103192533871606e+01
-4.179999999999999432e+02 9.267389688376846379e+01
-4.139999999999999432e+02 9.263879841801872317e+01
-4.099999999999999432e+02 9.260564465564834791e+01
-4.059999999999998863e+02 9.257448717354054679e+01
-4.019999999999999432e+02 9.254550233105300094e+01
-3.979999999999999432e+02 9.251895762697722603e+01
-3.939999999999999432e+02 9.249516875325906540e+01
-3.899999999999999432e+02 9.247445316878315680e+01
-3.859999999999999432e+02 9.245708569072144201e+01
-3.819999999999998863e+02 9.244326075072370941e+01
-3.779999999999999432e+02 9.243306477805566601e+01
-3.739999999999999432e+02 9.242646089162417411e+01
-3.699999999999999432e+02 9.242328660914751026e+01
-3.659999999999999432e+02 9.242326396924863730e+01
-3.619999999999999432e+02 9.242602027042431700e+01
-3.579999999999998863e+02 9.243111676208150129e+01
-3.539999999999998863e+02 9.243808193574847110e+01
-3.499999999999999432e+02 9.244644586890774463e+01
-3.459999999999999432e+02 9.245577219498011345e+01
-3.419999999999998863e+02 9.246568461392121208e+01
-3.379999999999999432e+02 9.247588574266080741e+01
-3.339999999999998863e+02 9.248616687405166203e+01
-3.299999999999998863e+02 9.249640827394443932e+01
-3.259999999999999432e+02 9.250657069049140091e+01
-3.219999999999999432e+02 9.251667953265553024e+01
-3.179999999999998863e+02 9.252680391735134435e+01
-3.139999999999999432e+02 9.253703303504323685e+01
-3.099999999999998863e+02 9.254745254969566304e+01
-3.059999999999998863e+02 9.255812343853654056e+01
-3.019999999999999432e+02 9.256906542914526881e+01
-2.979999999999999432e+02 9.258024647609539670e+01
-2.939999999999999432e+02 9.259157913587841904e+01
-2.899999999999999432e+02 9.260292391904511078e+01
-2.859999999999998863e+02 9.261409896842621947e+01
-2.819999999999998863e+02 9.262489486475237754e+01
-2.779999999999999432e+02 9.263509274100317725e+01
-2.739999999999999432e+02 9.264448366936409229e+01
-2.699999999999999432e+02 9.265288715283816146e+01
-2.659999999999999432e+02 9.266016666182622430e+01
-2.619999999999998863e+02 9.266624057369125467e+01
-2.579999999999998863e+02 9.267108731255797238e+01
-2.539999999999999147e+02 9.267474416841668017e+01
-2.499999999999999432e+02 9.267730001869205125e+01
-2.459999999999998863e+02 9.267888274514723435e+01
-2.419999999999999147e+02 9.267964277203253687e+01
-2.379999999999999432e+02 9.267973452959927272e+01
-2.339999999999998863e+02 9.267929781188075822e+01
-2.299999999999999147e+02 9.267844100278892938e+01
-2.259999999999999432e+02 9.267722792210400939e+01
-2.219999999999998863e+02 9.267566958340921701e+01
-2.179999999999999147e+02 9.267372173129626844e+01
-2.139999999999999432e+02 9.267128831568112446e+01
-2.099999999999998863e+02 9.266823053745326888e+01
-2.059999999999999147e+02 9.266438040967875622e+01
-2.019999999999999432e+02 9.265955744970756314e+01
-1.979999999999998863e+02 9.265358668047974788e+01
-1.939999999999999147e+02 9.264631602873430438e+01
-1.899999999999999147e+02 9.263763126393791936e+01
-1.859999999999998863e+02 9.262746683301480743e+01
-1.819999999999999147e+02 9.261581148750599368e+01
-1.779999999999999147e+02 9.260270802148096436e+01
-1.739999999999998863e+02 9.258824723827723346e+01
-1.699999999999999147e+02 9.257255671652416140e+01
-1.659999999999999147e+02 9.255578564825219701e+01
-1.619999999999998863e+02 9.253808727530741862e+01
-1.579999999999999147e+02 9.251960081979467532e+01
-1.539999999999999147e+02 9.250043479739485974e+01
-1.499999999999998863e+02 9.248065341218722324e+01
-1.459999999999999147e+02 9.246026745923069257e+01
-1.419999999999999147e+02 9.243923070041165602e+01
-1.379999999999998863e+02 9.241744210046067565e+01
-1.339999999999999147e+02 9.239475376198652157e+01
-1.299999999999999147e+02 9.237098380245521412e+01
-1.259999999999998863e+02 9.234593292610190929e+01
-1.219999999999999005e+02 9.231940305449359130e+01
-1.179999999999999147e+02 9.229121616143385154e+01
-1.139999999999998863e+02 9.226123134327195885e+01
-1.099999999999999005e+02 9.222933876672516362e+01
-1.059999999999999147e+02 9.219536093841878710e+01
-1.019999999999999289e+02 9.215928492077824785e+01
-9.799999999999990052e+01 9.212135993963573810e+01
-9.399999999999991473e+01 9.208205291814135762e+01
-8.999999999999992895e+01 9.204156501142063007e+01
-8.599999999999990052e+01 9.200010581264348275e+01
-8.199999999999991473e+01 9.195786868088214305e+01
-7.799999999999992895e+01 9.191500526860886566e+01
-7.399999999999990052e+01 9.187160133407115836e+01
-6.999999999999991473e+01 9.182765586991371265e+01
-6.599999999999992895e+01 9.178306552143732233e+01
-6.199999999999989342e+01 9.173761607321557676e+01
-5.799999999999990763e+01 9.169098256127114155e+01
-5.399999999999992895e+01 9.164273943121935417e+01
-4.999999999999989342e+01 9.159238163796840126e+01
-4.599999999999990763e+01 9.153935718193622506e+01
-4.199999999999992895e+01 9.148311087849413070e+01
-3.799999999999989342e+01 9.142313810712499844e+01
-3.399999999999990763e+01 9.135904624183194755e+01
-2.999999999999992539e+01 9.129062024358120198e+01
-2.599999999999988987e+01 9.121788791571970023e+01
-2.199999999999990408e+01 9.114117976015319300e+01
-1.799999999999986855e+01 9.106117861920779433e+01
-1.399999999999988631e+01 9.097895511840755489e+01
-9.999999999999904077e+00 9.089598616868278214e+01
-5.999999999999920952e+00 9.081401383960712792e+01
-1.999999999999938494e+00 9.073556322402038177e+01
2.000000000000150102e+00 9.066639723941955253e+01
6.000000000000133227e+00 9.060918818753964388e+01
1.000000000000011546e+01 9.056618196357698025e+01
1.400000000000009948e+01 9.053881337038944821e+01
1.800000000000008171e+01 9.052726466967618535e+01
2.200000000000006395e+01 9.053000379441158429e+01
2.600000000000004619e+01 9.054337598380698182e+01
3.000000000000013500e+01 9.056135941752921781e+01
3.400000000000012079e+01 9.057565894786830540e+01
3.800000000000009948e+01 9.057616063720206512e+01
4.200000000000008527e+01 9.055166903677513801e+01
4.600000000000007105e+01 9.049131531285667052e+01
5.000000000000004974e+01 9.038565028731574102e+01
5.400000000000014211e+01 9.022549149179445749e+01
5.800000000000012079e+01 8.999525942349890784e+01
6.200000000000010658e+01 8.965322962370356663e+01
6.600000000000008527e+01 8.922242053616656676e+01
7.000000000000007105e+01 8.864846872704731595e+01
