-4.979999999999999432e+02 8.485113461557978098e+01
-4.939999999999999432e+02 8.534192221662118527e+01
-4.899999999999999432e+02 8.566386972833635127e+01
-4.859999999999998863e+02 8.591926139643749138e+01
-4.819999999999998863e+02 8.614056687517557975e+01
-4.779999999999998863e+02 8.633860546127709767e+01
-4.739999999999999432e+02 8.651738714539322928e+01
-4.699999999999999432e+02 8.668052762024495905e+01
-4.659999999999998863e+02 8.683051014487466546e+01
-4.619999999999999432e+02 8.697242630277685294e+01
-4.579999999999999432e+02 8.711213074494384045e+01
-4.539999999999998863e+02 8.725532061543390228e+01
-4.499999999999999432e+02 8.740677520691599511e+01
-4.459999999999999432e+02 8.756987952389414431e+01
-4.419999999999998863e+02 8.774642736795647124e+01
-4.379999999999999432e+02 8.793664187819240396e+01
-4.339999999999999432e+02 8.813934325429477212e+01
-4.299999999999998863e+02 8.835220426429572171e+01
-4.259999999999999432e+02 8.857049297498542728e+01
-4.219999999999999432e+02 8.879106015980676148e+01
-4.179999999999999432e+02 8.901012034548062957e+01
-4.139999999999999432e+02 8.922372079435217529e+01
-4.099999999999999432e+02 8.942815955306269871e+01
-4.059999999999998863e+02 8.962009276920662160e+01
-4.019999999999999432e+02 8.979665545050141873e+01
-3.979999999999999432e+02 8.995553888696616696e+01
-3.939999999999999432e+02 9.009503008939924484e+01
-3.899999999999999432e+02 9.021402001569390450e+01
-3.859999999999999432e+02 9.031198757781493214e+01
-3.819999999999998863e+02 9.038896553307216664e+01
-3.779999999999999432e+02 9.044549193251242514e+01
-3.739999999999999432e+02 9.048229641210207319e+01
-3.699999999999999432e+02 9.050099467662153074e+01
-3.659999999999999432e+02 9.050331850162103819e+01
-3.619999999999999432e+02 9.049121960132418963e+01
-3.579999999999998863e+02 9.046679146290426843e+01
-3.539999999999998863e+02 9.043219131197997740e+01
-3.499999999999999432e+02 9.038956471559225747e+01
-3.459999999999999432e+02 9.034097547710280196e+01
-3.419999999999998863e+02 9.028834342170210903e+01
-3.379999999999999432e+02 9.023339245524766739e+01
-3.339999999999998863e+02 9.017761066283907212e+01
-3.299999999999998863e+02 9.012222356837071402e+01
-3.259999999999999432e+02 9.006818093059331432e+01
-3.219999999999999432e+02 9.001615675418508999e+01
-3.179999999999998863e+02 8.996655137753452891e+01
-3.139999999999999432e+02 8.991955079208702273e+01
-3.099999999999998863e+02 8.987515776118868871e+01
-3.059999999999998863e+02 8.983316526615197972e+01
-3.019999999999999432e+02 8.979324112479389441e+01
-2.979999999999999432e+02 8.975497508359404719e+01
-2.939999999999999432e+02 8.971792576271525377e+01
-2.899999999999999432e+02 8.968166492891725738e+01
-2.859999999999998863e+02 8.964581672930273726e+01
-2.819999999999998863e+02 8.961008957168098732e+01
-2.779999999999999432e+02 8.957429881074233435e+01
-2.739999999999999432e+02 8.953837887078839231e+01
-2.699999999999999432e+02 8.950238415354760946e+01
-2.659999999999999432e+02 8.946647897881553035e+01
-2.619999999999998863e+02 8.943091769239299538e+01
-2.579999999999998863e+02 8.939601691722458554e+01
-2.539999999999999147e+02 8.936212262780668425e+01
-2.499999999999999432e+02 8.932957511172503473e+01
-2.459999999999998863e+02 8.929867500193557817e+01
-2.419999999999999147e+02 8.926965341744278248e+01
-2.379999999999999432e+02 8.924264875919902806e+01
-2.339999999999998863e+02 8.921769208218194080e+01
-2.299999999999999147e+02 8.919470219164901437e+01
-2.259999999999999432e+02 8.917349079496796094e+01
-2.219999999999998863e+02 8.915377722418378426e+01
-2.179999999999999147e+02 8.913521140048391089e+01
-2.139999999999999432e+02 8.911740311693239391e+01
-2.099999999999998863e+02 8.909995511430014403e+01
-2.059999999999999147e+02 8.908249699726280824e+01
-2.019999999999999432e+02 8.906471692807639329e+01
-1.979999999999998863e+02 8.904638817107439763e+01
-1.939999999999999147e+02 8.902738786566834506e+01
-1.899999999999999147e+02 8.900770620667213961e+01
-1.859999999999998863e+02 8.898744504054280924e+01
-1.819999999999999147e+02 8.896680599066843342e+01
-1.779999999999999147e+02 8.894606923415801703e+01
-1.739999999999998863e+02 8.892556500963394228e+01
-1.699999999999999147e+02 8.890564067239870383e+01
-1.659999999999999147e+02 8.888662645798683570e+01
-1.619999999999998863e+02 8.886880325713104867e+01
-1.579999999999999147e+02 8.885237537676982811e+01
-1.539999999999999147e+02 8.883745080986642506e+01
-1.499999999999998863e+02 8.882403083091116969e+01
-1.459999999999999147e+02 8.881200977528578733e+01
-1.419999999999999147e+02 8.880118512145207887e+01
-1.379999999999998863e+02 8.879127690328459721e+01
-1.339999999999999147e+02 8.878195471702724717e+01
-1.299999999999999147e+02 8.877286978556821850e+01
-1.259999999999998863e+02 8.876368896807025521e+01
-1.219999999999999005e+02 8.875412725735066033e+01
-1.179999999999999147e+02 8.874397530897499564e+01
-1.139999999999998863e+02 8.873311892360902675e+01
-1.099999999999999005e+02 8.872154810646861733e+01
-1.059999999999999147e+02 8.870935435272122049e+01
-1.019999999999999289e+02 8.869671610381834626e+01
-9.799999999999990052e+01 8.868387359532152914e+01
-9.399999999999991473e+01 8.867109554932949322e+01
-8.999999999999992895e+01 8.865864119022620571e+01
-8.599999999999990052e+01 8.864672175754191130e+01
-8.199999999999991473e+01 8.863546592334228080e+01
-7.799999999999992895e+01 8.862489347474752321e+01
-7.399999999999990052e+01 8.861490115693413827e+01
-6.999999999999991473e+01 8.860526373614521845e+01
-6.599999999999992895e+01 8.859565226403299221e+01
-6.199999999999989342e+01 8.858567010054696311e+01
-5.799999999999990763e+01 8.857490567946052806e+01
-5.399999999999992895e+01 8.856299926044800941e+01
-4.999999999999989342e+01 8.854971932746872199e+01
-4.599999999999990763e+01 8.853504301068500126e+01
-4.199999999999992895e+01 8.851923433913276540e+01
-3.799999999999989342e+01 8.850291457101383230e+01
-3.399999999999990763e+01 8.848712007860916628e+01
-2.999999999999992539e+01 8.847334517204154736e+01
-2.599999999999988987e+01 8.846356935082445716e+01
-2.199999999999990408e+01 8.846026905197288670e+01
-1.799999999999986855e+01 8.846641268550314408e+01
-1.399999999999988631e+01 8.848543316333501707e+01
-9.999999999999904077e+00 8.852116397495746014e+01
-5.999999999999920952e+00 8.857771420654734129e+01
-1.999999999999938494e+00 8.865924738026666319e+01
2.000000000000150102e+00 8.876962533683177980e+01
6.000000000000133227e+00 8.891189262790447856e+01
1.000000000000011546e+01 8.908762186569055075e+01
1.400000000000009948e+01 8.929622251286946266e+01
1.800000000000008171e+01 8.953441696915666626e+01
2.200000000000006395e+01 8.979615168495195121e+01
2.600000000000004619e+01 9.007315274529491944e+01
3.000000000000013500e+01 9.035640091754368086e+01
3.400000000000012079e+01 9.063563233544846298e+01
3.800000000000009948e+01 9.089360020445371902e+01
4.200000000000008527e+01 9.112817171987603615e+01
4.600000000000007105e+01 9.134308831007712115e+01
5.000000000000004974e+01 9.154447903778265072e+01
5.400000000000014211e+01 9.173449342065589462e+01
5.800000000000012079e+01 9.190361748027680733e+01
6.200000000000010658e+01 9.199734699149485095e+01
6.600000000000008527e+01 9.196736370572119768e+01
7.000000000000007105e+01 9.150576089937641200e+01
