-4.979999999999999432e+02 8.419703920284831611e+01
-4.939999999999999432e+02 8.476239722105503915e+01
-4.899999999999999432e+02 8.513258867221753690e+01
-4.859999999999998863e+02 8.543088002946922188e+01
-4.819999999999998863e+02 8.569353037264767181e+01
-4.779999999999998863e+02 8.593044702045477834e+01
-4.739999999999999432e+02 8.614308938924540371e+01
-4.699999999999999432e+02 8.633209815082790328e+01
-4.659999999999998863e+02 8.650035304566949890e+01
-4.619999999999999432e+02 8.665331734115096651e+01
-4.579999999999999432e+02 8.679802996094417722e+01
-4.539999999999998863e+02 8.694176661275020024e+01
-4.499999999999999432e+02 8.709064725364049764e+01
-4.459999999999999432e+02 8.724891732331838057e+01
-4.419999999999998863e+02 8.741970770301202265e+01
-4.379999999999999432e+02 8.760424710066939724e+01
-4.339999999999999432e+02 8.780197449145754263e+01
-4.299999999999998863e+02 8.801079776505059726e+01
-4.259999999999999432e+02 8.822742376150341670e+01
-4.219999999999999432e+02 8.844772305400141477e+01
-4.179999999999999432e+02 8.866710002315397787e+01
-4.139999999999999432e+02 8.888084323484565630e+01
-4.099999999999999432e+02 8.908436575755104059e+01
-4.059999999999998863e+02 8.927294655481597374e+01
-4.019999999999999432e+02 8.944392511128540946e+01
-3.979999999999999432e+02 8.959460901998625104e+01
-3.939999999999999432e+02 8.972311039864848681e+01
-3.899999999999999432e+02 8.982836188834028235e+01
-3.859999999999999432e+02 8.991008258098145234e+01
-3.819999999999998863e+02 8.996870564864161679e+01
-3.779999999999999432e+02 9.000528035692502726e+01
-3.739999999999999432e+02 9.002136015720691375e+01
-3.699999999999999432e+02 9.001888656407442113e+01
-3.659999999999999432e+02 9.000007582786042803e+01
-3.619999999999999432e+02 8.996725428988639806e+01
-3.579999999999998863e+02 8.992295012124100140e+01
-3.539999999999998863e+02 8.986960256495160593e+01
-3.499999999999999432e+02 8.980955220763178204e+01
-3.459999999999999432e+02 8.974498123037051300e+01
-3.419999999999998863e+02 8.967785665815739549e+01
-3.379999999999999432e+02 8.960988591737702791e+01
-3.339999999999998863e+02 8.954248621767629857e+01
-3.299999999999998863e+02 8.947676886097588067e+01
-3.259999999999999432e+02 8.941353864755097902e+01
-3.219999999999999432e+02 8.935330755426417682e+01
-3.179999999999998863e+02 8.929632072814769117e+01
-3.139999999999999432e+02 8.924259216401912909e+01
-3.099999999999998863e+02 8.919194705703222326e+01
-3.059999999999998863e+02 8.914406785980548875e+01
-3.019999999999999432e+02 8.909854136297508376e+01
-2.979999999999999432e+02 8.905490461143193670e+01
-2.939999999999999432e+02 8.901267252046915246e+01
-2.899999999999999432e+02 8.897138087109470916e+01
-2.859999999999998863e+02 8.893069509017715291e+01
-2.819999999999998863e+02 8.889033402310514020e+01
-2.779999999999999432e+02 8.885012596366442494e+01
-2.739999999999999432e+02 8.881001801820025321e+01
-2.699999999999999432e+02 8.877007572366710519e+01
-2.659999999999999432e+02 8.873047280931427849e+01
-2.619999999999998863e+02 8.869147169984546508e+01
-2.579999999999998863e+02 8.865339633093356042e+01
-2.539999999999999147e+02 8.861659962327939866e+01
-2.499999999999999432e+02 8.858142861001516621e+01
-2.459999999999998863e+02 8.854819040699385368e+01
-2.419999999999999147e+02 8.851712214341341678e+01
-2.379999999999999432e+02 8.848836746922876273e+01
-2.339999999999998863e+02 8.846196143010371316e+01
-2.299999999999999147e+02 8.843782486738183479e+01
-2.259999999999999432e+02 8.841576850011733768e+01
-2.219999999999998863e+02 8.839550629951264682e+01
-2.179999999999999147e+02 8.837667699204030214e+01
-2.139999999999999432e+02 8.835887077797127631e+01
-2.099999999999998863e+02 8.834166518709037064e+01
-2.059999999999999147e+02 8.832466700016800587e+01
-2.019999999999999432e+02 8.830752392268016138e+01
-1.979999999999998863e+02 8.828996589898656566e+01
-1.939999999999999147e+02 8.827182793556744400e+01
-1.899999999999999147e+02 8.825306384428995443e+01
-1.859999999999998863e+02 8.823374936507997290e+01
-1.819999999999999147e+02 8.821407411789124353e+01
-1.779999999999999147e+02 8.819432287588205099e+01
-1.739999999999998863e+02 8.817484807515268130e+01
-1.699999999999999147e+02 8.815603620805347873e+01
-1.659999999999999147e+02 8.813827142375242829e+01
-1.619999999999998863e+02 8.812189995127420161e+01
-1.579999999999999147e+02 8.810719873750878151e+01
-1.539999999999999147e+02 8.809435109533927744e+01
-1.499999999999998863e+02 8.808343153942217896e+01
-1.459999999999999147e+02 8.807440104584549090e+01
-1.419999999999999147e+02 8.806711308931090798e+01
-1.379999999999998863e+02 8.806132990025201934e+01
-1.339999999999999147e+02 8.805674751871589478e+01
-1.299999999999999147e+02 8.805302737053534656e+01
-1.259999999999998863e+02 8.804983141403630498e+01
-1.219999999999999005e+02 8.804685731503838042e+01
-1.179999999999999147e+02 8.804386984802135885e+01
-1.139999999999998863e+02 8.804072479065104062e+01
-1.099999999999999005e+02 8.803738212013814746e+01
-1.059999999999999147e+02 8.803390638917011302e+01
-1.019999999999999289e+02 8.803045345566511060e+01
-9.799999999999990052e+01 8.802724440092879377e+01
-9.399999999999991473e+01 8.802452923150963215e+01
-8.999999999999992895e+01 8.802254420335731311e+01
-8.599999999999990052e+01 8.802146800024831919e+01
-8.199999999999991473e+01 8.802138242256302192e+01
-7.799999999999992895e+01 8.802224332959184494e+01
-7.399999999999990052e+01 8.802386710540838521e+01
-6.999999999999991473e+01 8.802593672723730833e+01
-6.599999999999992895e+01 8.802802999762781155e+01
-6.199999999999989342e+01 8.802967032440915318e+01
-5.799999999999990763e+01 8.803039824180382311e+01
-5.399999999999992895e+01 8.802985957663150884e+01
-4.999999999999989342e+01 8.802790428497161201e+01
-4.599999999999990763e+01 8.802468886771254120e+01
-4.199999999999992895e+01 8.802077526621650350e+01
-3.799999999999989342e+01 8.801722005572884200e+01
-3.399999999999990763e+01 8.801564931373366107e+01
-2.999999999999992539e+01 8.801831568299024866e+01
-2.599999999999988987e+01 8.802813405783911094e+01
-2.199999999999990408e+01 8.804868967448572903e+01
-1.799999999999986855e+01 8.808420685563356756e+01
-1.399999999999988631e+01 8.813945799358856448e+01
-9.999999999999904077e+00 8.821958150610061011e+01
-5.999999999999920952e+00 8.832976718924265924e+01
-1.999999999999938494e+00 8.847476315762656895e+01
2.000000000000150102e+00 8.865817206723954769e+01
6.000000000000133227e+00 8.888147219722276304e+01
1.000000000000011546e+01 8.914271680880801796e+01
1.400000000000009948e+01 8.943657325377415646e+01
1.800000000000008171e+01 8.975162605581078878e+01
2.200000000000006395e+01 9.006995064859404465e+01
2.600000000000004619e+01 9.037379936035392802e+01
3.000000000000013500e+01 9.064824019739739924e+01
3.400000000000012079e+01 9.087268854196321399e+01
3.800000000000009948e+01 9.103432510776320896e+01
4.200000000000008527e+01 9.114118393019231235e+01
4.600000000000007105e+01 9.121274917842004015e+01
5.000000000000004974e+01 9.127390251094539053e+01
5.400000000000014211e+01 9.134549557563855160e+01
5.800000000000012079e+01 9.143268313560508886e+01
6.200000000000010658e+01 9.149185717580587607e+01
6.600000000000008527e+01 9.147366987861522603e+01
