-4.979999999999999432e+02 8.120321390873584733e+01
-4.939999999999999432e+02 8.205386478144833973e+01
-4.899999999999999432e+02 8.259544957643907992e+01
-4.859999999999998863e+02 8.304740334273577673e+01
-4.819999999999998863e+02 8.345338724788865647e+01
-4.779999999999998863e+02 8.381558278701510289e+01
-4.739999999999999432e+02 8.412519044278951696e+01
-4.699999999999999432e+02 8.437582204991969093e+01
-4.659999999999998863e+02 8.456874859465528971e+01
-4.619999999999999432e+02 8.471273796510507736e+01
-4.579999999999999432e+02 8.482120417523259448e+01
-4.539999999999998863e+02 8.490886950232146546e+01
-4.499999999999999432e+02 8.498918495518324789e+01
-4.459999999999999432e+02 8.507290784696448327e+01
-4.419999999999998863e+02 8.516769618546072707e+01
-4.379999999999999432e+02 8.527833361339679641e+01
-4.339999999999999432e+02 8.540718057729043267e+01
-4.299999999999998863e+02 8.555458126232861105e+01
-4.259999999999999432e+02 8.571786679179331259e+01
-4.219999999999999432e+02 8.589526072277311641e+01
-4.179999999999999432e+02 8.608341741088946719e+01
-4.139999999999999432e+02 8.627733156185240659e+01
-4.099999999999999432e+02 8.647130539817516137e+01
-4.059999999999998863e+02 8.665943521315728049e+01
-4.019999999999999432e+02 8.683611887100391868e+01
-3.979999999999999432e+02 8.699651555690167015e+01
-3.939999999999999432e+02 8.713689855669639428e+01
-3.899999999999999432e+02 8.725485976039340130e+01
-3.859999999999999432e+02 8.734934770086545086e+01
-3.819999999999998863e+02 8.742054690891512791e+01
-3.779999999999999432e+02 8.746963095480475658e+01
-3.739999999999999432e+02 8.749844089036952255e+01
-3.699999999999999432e+02 8.750915046656655250e+01
-3.659999999999999432e+02 8.750397773983860361e+01
-3.619999999999999432e+02 8.748498879221830293e+01
-3.579999999999998863e+02 8.745401541792284661e+01
-3.539999999999998863e+02 8.741268016269674490e+01
-3.499999999999999432e+02 8.736249587343166922e+01
-3.459999999999999432e+02 8.730499081553750784e+01
-3.419999999999998863e+02 8.724180894275360743e+01
-3.379999999999999432e+02 8.717474823907815562e+01
-3.339999999999998863e+02 8.710572316134829407e+01
-3.299999999999998863e+02 8.703666188022367578e+01
-3.259999999999999432e+02 8.696936753475864634e+01
-3.219999999999999432e+02 8.690537988685582604e+01
-3.179999999999998863e+02 8.684586914136758651e+01
-3.139999999999999432e+02 8.679158088410787286e+01
-3.099999999999998863e+02 8.674283531878154463e+01
-3.059999999999998863e+02 8.669957072953314992e+01
-3.019999999999999432e+02 8.666141346176010529e+01
-2.979999999999999432e+02 8.662775548439583417e+01
-2.939999999999999432e+02 8.659782486127937773e+01
-2.899999999999999432e+02 8.657074177289166528e+01
-2.859999999999998863e+02 8.654556054372176277e+01
-2.819999999999998863e+02 8.652130426697033272e+01
-2.779999999999999432e+02 8.649700141522168906e+01
-2.739999999999999432e+02 8.647173286086120925e+01
-2.699999999999999432e+02 8.644469308588480772e+01
-2.659999999999999432e+02 8.641526247276266304e+01
-2.619999999999998863e+02 8.638308096067271435e+01
-2.579999999999998863e+02 8.634810864845439937e+01
-2.539999999999999147e+02 8.631065824989957491e+01
-2.499999999999999432e+02 8.627138794942487721e+01
-2.459999999999998863e+02 8.623125055822504237e+01
-2.419999999999999147e+02 8.619140362303403435e+01
-2.379999999999999432e+02 8.615309293756030229e+01
-2.339999999999998863e+02 8.611752647866825328e+01
-2.299999999999999147e+02 8.608575625427937439e+01
-2.259999999999999432e+02 8.605858184351495765e+01
-2.219999999999998863e+02 8.603648356059778735e+01
-2.179999999999999147e+02 8.601958716843472530e+01
-2.139999999999999432e+02 8.600765757232630904e+01
-2.099999999999998863e+02 8.600011699888381145e+01
-2.059999999999999147e+02 8.599608369737364910e+01
-2.019999999999999432e+02 8.599442849054344151e+01
-1.979999999999998863e+02 8.599384831340580604e+01
-1.939999999999999147e+02 8.599295588848929128e+01
-1.899999999999999147e+02 8.599038331045846917e+01
-1.859999999999998863e+02 8.598489425028333244e+01
-1.819999999999999147e+02 8.597549592648186945e+01
-1.779999999999999147e+02 8.596153907151983731e+01
-1.739999999999998863e+02 8.594279287528485156e+01
-1.699999999999999147e+02 8.591948333293532869e+01
-1.659999999999999147e+02 8.589228726879878195e+01
-1.619999999999998863e+02 8.586228037623686760e+01
-1.579999999999999147e+02 8.583084418089060819e+01
-1.539999999999999147e+02 8.579954319280221853e+01
-1.499999999999998863e+02 8.576998737507005899e+01
-1.459999999999999147e+02 8.574369653651677936e+01
-1.419999999999999147e+02 8.572198133599783887e+01
-1.379999999999998863e+02 8.570585171933737456e+01
-1.339999999999999147e+02 8.569595851386731056e+01
-1.299999999999999147e+02 8.569256892596695252e+01
-1.259999999999998863e+02 8.569557316302058325e+01
-1.219999999999999005e+02 8.570451689115611771e+01
-1.179999999999999147e+02 8.571865305999699558e+01
-1.139999999999998863e+02 8.573700623039002267e+01
-1.099999999999999005e+02 8.575844241725798156e+01
-1.059999999999999147e+02 8.578173785924241201e+01
-1.019999999999999289e+02 8.580564098834719289e+01
-9.799999999999990052e+01 8.582892382622259220e+01
-9.399999999999991473e+01 8.585042144804793907e+01
-8.999999999999992895e+01 8.586906133674199282e+01
-8.599999999999990052e+01 8.588388683127573131e+01
-8.199999999999991473e+01 8.589408014591123219e+01
-7.799999999999992895e+01 8.589898966826280002e+01
-7.399999999999990052e+01 8.589816329794638250e+01
-6.999999999999991473e+01 8.589138540836609081e+01
-6.599999999999992895e+01 8.587871112239082549e+01
-6.199999999999989342e+01 8.586048921136722356e+01
-5.799999999999990763e+01 8.583736673558956909e+01
-5.399999999999992895e+01 8.581027458718483558e+01
-4.999999999999989342e+01 8.578040324714720555e+01
-4.599999999999990763e+01 8.574918967564974537e+01
-4.199999999999992895e+01 8.571834531245428934e+01
-3.799999999999989342e+01 8.568995632628565318e+01
-3.399999999999990763e+01 8.566667633453823782e+01
-2.999999999999992539e+01 8.565200653495566030e+01
-2.599999999999988987e+01 8.565062126224580652e+01
-2.199999999999990408e+01 8.566865552796826933e+01
-1.799999999999986855e+01 8.571383674391051954e+01
-1.399999999999988631e+01 8.579532741899362236e+01
-9.999999999999904077e+00 8.592315717420819965e+01
-5.999999999999920952e+00 8.610716212731131236e+01
-1.999999999999938494e+00 8.635541061094068027e+01
2.000000000000150102e+00 8.667216700859739831e+01
6.000000000000133227e+00 8.705552727804456481e+01
1.000000000000011546e+01 8.749497609380011909e+01
1.400000000000009948e+01 8.796933067868275202e+01
1.800000000000008171e+01 8.845536525083360857e+01
2.200000000000006395e+01 8.890650905664728043e+01
2.600000000000004619e+01 8.926041137139588955e+01
3.000000000000013500e+01 8.947978914838790843e+01
3.400000000000012079e+01 8.953114400796050631e+01
3.800000000000009948e+01 8.935588823900400257e+01
4.200000000000008527e+01 8.903187225495810253e+01
4.600000000000007105e+01 8.862240509415363476e+01
5.000000000000004974e+01 8.818795884416647368e+01
5.400000000000014211e+01 8.777446363921734473e+01
5.800000000000012079e+01 8.741030863713808685e+01
