-4.979999999999999432e+02 9.365989469047156035e+01
-4.939999999999999432e+02 9.397911049198359024e+01
-4.899999999999999432e+02 9.416062064349631555e+01
-4.859999999999998863e+02 9.427273695397144593e+01
-4.819999999999998863e+02 9.433629249303368169e+01
-4.779999999999998863e+02 9.436121551538792573e+01
-4.739999999999999432e+02 9.435507013019957867e+01
-4.699999999999999432e+02 9.432494199485779518e+01
-4.659999999999998863e+02 9.427753006283302284e+01
-4.619999999999999432e+02 9.421886319263643372e+01
-4.579999999999999432e+02 9.415544692258981740e+01
-4.539999999999998863e+02 9.409296670187990230e+01
-4.499999999999999432e+02 9.403331390769682230e+01
-4.459999999999999432e+02 9.397804869214127166e+01
-4.419999999999998863e+02 9.392796817197722703e+01
-4.379999999999999432e+02 9.388329230007354909e+01
-4.339999999999999432e+02 9.384383586581702730e+01
-4.299999999999998863e+02 9.380916103792469585e+01
-4.259999999999999432e+02 9.377870728475784290e+01
-4.219999999999999432e+02 9.375177800040444254e+01
-4.179999999999999432e+02 9.372755453722191987e+01
-4.139999999999999432e+02 9.370578312571689139e+01
-4.099999999999999432e+02 9.368625415403141687e+01
-4.059999999999998863e+02 9.366889569255204151e+01
-4.019999999999999432e+02 9.365376018809689640e+01
-3.979999999999999432e+02 9.364099619665034879e+01
-3.939999999999999432e+02 9.363081053968392098e+01
-3.899999999999999432e+02 9.362342644765107025e+01
-3.859999999999999432e+02 9.361904285557449157e+01
-3.819999999999998863e+02 9.361779920474947403e+01
-3.779999999999999432e+02 9.361974908576002008e+01
-3.739999999999999432e+02 9.362484475867557876e+01
-3.699999999999999432e+02 9.363293328819031558e+01
-3.659999999999999432e+02 9.364376385617737242e+01
-3.619999999999999432e+02 9.365700465424879440e+01
-3.579999999999998863e+02 9.367226699302028692e+01
-3.539999999999998863e+02 9.368913367069592368e+01
-3.499999999999999432e+02 9.370718851876085864e+01
-3.459999999999999432e+02 9.372604399509850737e+01
-3.419999999999998863e+02 9.374536424169008342e+01
-3.379999999999999432e+02 9.376488153340051213e+01
-3.339999999999998863e+02 9.378440494092558311e+01
-3.299999999999998863e+02 9.380382085930523317e+01
-3.259999999999999432e+02 9.382308591793594132e+01
-3.219999999999999432e+02 9.384221355761519590e+01
-3.179999999999998863e+02 9.386125609679947956e+01
-3.139999999999999432e+02 9.388028442010255503e+01
-3.099999999999998863e+02 9.389936763763910221e+01
-3.059999999999998863e+02 9.391855477866715773e+01
-3.019999999999999432e+02 9.393786036736935330e+01
-2.979999999999999432e+02 9.395725518003206389e+01
-2.939999999999999432e+02 9.397666291223180224e+01
-2.899999999999999432e+02 9.399596282027283678e+01
-2.859999999999998863e+02 9.401499782747254130e+01
-2.819999999999998863e+02 9.403358701654815377e+01
-2.779999999999999432e+02 9.405154098355080805e+01
-2.739999999999999432e+02 9.406867830816071319e+01
-2.699999999999999432e+02 9.408484131208859935e+01
-2.659999999999999432e+02 9.409990933617791597e+01
-2.619999999999998863e+02 9.411380812567631438e+01
-2.579999999999998863e+02 9.412651431798070689e+01
-2.539999999999999147e+02 9.413805462039698568e+01
-2.499999999999999432e+02 9.414849979100205246e+01
-2.459999999999998863e+02 9.415795416178434607e+01
-2.419999999999999147e+02 9.416654184985515030e+01
-2.379999999999999432e+02 9.417439120643609840e+01
-2.339999999999998863e+02 9.418161915648892091e+01
-2.299999999999999147e+02 9.418831708527181945e+01
-2.259999999999999432e+02 9.419453973010934078e+01
-2.219999999999998863e+02 9.420029820298674395e+01
-2.179999999999999147e+02 9.420555785153032957e+01
-2.139999999999999432e+02 9.421024107429155947e+01
-2.099999999999998863e+02 9.421423477215580533e+01
-2.059999999999999147e+02 9.421740162709812694e+01
-2.019999999999999432e+02 9.421959395739128240e+01
-1.979999999999998863e+02 9.422066865746245412e+01
-1.939999999999999147e+02 9.422050164416793905e+01
-1.899999999999999147e+02 9.421900024518043892e+01
-1.859999999999998863e+02 9.421611219566381124e+01
-1.819999999999999147e+02 9.421183031447850453e+01
-1.779999999999999147e+02 9.420619233437884077e+01
-1.739999999999998863e+02 9.419927594420789774e+01
-1.699999999999999147e+02 9.419118952046079585e+01
-1.659999999999999147e+02 9.418205958631409658e+01
-1.619999999999998863e+02 9.417201628582910189e+01
-1.579999999999999147e+02 9.416117838889994118e+01
-1.539999999999999147e+02 9.414963935704832920e+01
-1.499999999999998863e+02 9.413745591965010817e+01
-1.459999999999999147e+02 9.412464029651948749e+01
-1.419999999999999147e+02 9.411115685774041140e+01
-1.379999999999998863e+02 9.409692360029771407e+01
-1.339999999999999147e+02 9.408181828002750535e+01
-1.299999999999999147e+02 9.406568866261073936e+01
-1.259999999999998863e+02 9.404836589500513355e+01
-1.219999999999999005e+02 9.402967971983980533e+01
-1.179999999999999147e+02 9.400947404685592801e+01
-1.139999999999998863e+02 9.398762140285901978e+01
-1.099999999999999005e+02 9.396410704041909412e+01
-1.059999999999999147e+02 9.393928335405752250e+01
-1.019999999999999289e+02 9.391326911400540212e+01
-9.799999999999990052e+01 9.388619805726739287e+01
-9.399999999999991473e+01 9.385825088252437354e+01
-8.999999999999992895e+01 9.382964245042774110e+01
-8.599999999999990052e+01 9.380060496296692918e+01
-8.199999999999991473e+01 9.377136826026156768e+01
-7.799999999999992895e+01 9.374213862458265112e+01
-7.399999999999990052e+01 9.371307759373854651e+01
-6.999999999999991473e+01 9.368428234249148545e+01
-6.599999999999992895e+01 9.365576925833846644e+01
-6.199999999999989342e+01 9.362746233831256859e+01
-5.799999999999990763e+01 9.359918806579491957e+01
-5.399999999999992895e+01 9.357067836058934063e+01
-4.999999999999989342e+01 9.354158313161104843e+01
-4.599999999999990763e+01 9.351149369323894689e+01
-4.199999999999992895e+01 9.347997779870718205e+01
-3.799999999999989342e+01 9.344662630759444255e+01
-3.399999999999990763e+01 9.341084930474551129e+01
-2.999999999999992539e+01 9.337165613826118715e+01
-2.599999999999988987e+01 9.332884315119605390e+01
-2.199999999999990408e+01 9.328247049353359444e+01
-1.799999999999986855e+01 9.323287982206261404e+01
-1.399999999999988631e+01 9.318074593878947098e+01
-9.999999999999904077e+00 9.312680284052112256e+01
-5.999999999999920952e+00 9.307426843533340843e+01
-1.999999999999938494e+00 9.302728210367075690e+01
2.000000000000150102e+00 9.298847965617244427e+01
6.000000000000133227e+00 9.296061000420377241e+01
1.000000000000011546e+01 9.294630184159711916e+01
1.400000000000009948e+01 9.294774584199041101e+01
1.800000000000008171e+01 9.296628015598196271e+01
2.200000000000006395e+01 9.300188506473921279e+01
2.600000000000004619e+01 9.305263408770161959e+01
3.000000000000013500e+01 9.311421116371587914e+01
3.400000000000012079e+01 9.317966509677324893e+01
3.800000000000009948e+01 9.323959499199713719e+01
4.200000000000008527e+01 9.328290977825622576e+01
4.600000000000007105e+01 9.329817888642361368e+01
5.000000000000004974e+01 9.327542680302531153e+01
5.400000000000014211e+01 9.320160508519694531e+01
5.800000000000012079e+01 9.305411994647630536e+01
6.200000000000010658e+01 9.281137006024533775e+01
6.600000000000008527e+01 9.249499589848579717e+01
7.000000000000007105e+01 9.202125074211551237e+01
