-4.979999999999999432e+02 9.139973915189978015e+01
-4.939999999999999432e+02 9.178869384296933731e+01
-4.899999999999999432e+02 9.200383361800288640e+01
-4.859999999999998863e+02 9.214706761420308112e+01
-4.819999999999998863e+02 9.224377429870207834e+01
-4.779999999999998863e+02 9.230280448500479906e+01
-4.739999999999999432e+02 9.232959390889152473e+01
-4.699999999999999432e+02 9.232912264325796059e+01
-4.659999999999998863e+02 9.230637233218243409e+01
-4.619999999999999432e+02 9.226641322194251416e+01
-4.579999999999999432e+02 9.221559389943848828e+01
-4.539999999999998863e+02 9.215768741649452522e+01
-4.499999999999999432e+02 9.209590075644717899e+01
-4.459999999999999432e+02 9.203256722878489882e+01
-4.419999999999998863e+02 9.196923703921004289e+01
-4.379999999999999432e+02 9.190682005674335642e+01
-4.339999999999999432e+02 9.184574909929500564e+01
-4.299999999999998863e+02 9.178614119863692622e+01
-4.259999999999999432e+02 9.172794235151553721e+01
-4.219999999999999432e+02 9.167104721510185072e+01
-4.179999999999999432e+02 9.161538936168074088e+01
-4.139999999999999432e+02 9.156100074365093633e+01
-4.099999999999999432e+02 9.150804128754577960e+01
-4.059999999999998863e+02 9.145680150173592438e+01
-4.019999999999999432e+02 9.140768259246175376e+01
-3.979999999999999432e+02 9.136115979952171529e+01
-3.939999999999999432e+02 9.131773541309195252e+01
-3.899999999999999432e+02 9.127788804361637176e+01
-3.859999999999999432e+02 9.124202433410619051e+01
-3.819999999999998863e+02 9.121043833999198114e+01
-3.779999999999999432e+02 9.118328252095824382e+01
-3.739999999999999432e+02 9.116055275940692582e+01
-3.699999999999999432e+02 9.114208823621493138e+01
-3.659999999999999432e+02 9.112758549138845865e+01
-3.619999999999999432e+02 9.111662461169129301e+01
-3.579999999999998863e+02 9.110870444407146351e+01
-3.539999999999998863e+02 9.110328298370183120e+01
-3.499999999999999432e+02 9.109981876920187460e+01
-3.459999999999999432e+02 9.109780922078317644e+01
-3.419999999999998863e+02 9.109682234419750557e+01
-3.379999999999999432e+02 9.109651912691163034e+01
-3.339999999999998863e+02 9.109666500713876758e+01
-3.299999999999998863e+02 9.109713003146293886e+01
-3.259999999999999432e+02 9.109787852484413406e+01
-3.219999999999999432e+02 9.109895007657689803e+01
-3.179999999999998863e+02 9.110043444165199844e+01
-3.139999999999999432e+02 9.110244340428658916e+01
-3.099999999999998863e+02 9.110508276097567659e+01
-3.059999999999998863e+02 9.110842735539074511e+01
-3.019999999999999432e+02 9.111250162261262631e+01
-2.979999999999999432e+02 9.111726741843853006e+01
-2.939999999999999432e+02 9.112262007234335215e+01
-2.899999999999999432e+02 9.112839276112117659e+01
-2.859999999999998863e+02 9.113436843887893701e+01
-2.819999999999998863e+02 9.114029780638105649e+01
-2.779999999999999432e+02 9.114592121556171378e+01
-2.739999999999999432e+02 9.115099205804648363e+01
-2.699999999999999432e+02 9.115529902652963301e+01
-2.659999999999999432e+02 9.115868479506002586e+01
-2.619999999999998863e+02 9.116105910180129968e+01
-2.579999999999998863e+02 9.116240480429951276e+01
-2.539999999999999147e+02 9.116277629145906758e+01
-2.499999999999999432e+02 9.116229045872506731e+01
-2.459999999999998863e+02 9.116111127430730221e+01
-2.419999999999999147e+02 9.115942961633948016e+01
-2.379999999999999432e+02 9.115744056819943353e+01
-2.339999999999998863e+02 9.115532059275017218e+01
-2.299999999999999147e+02 9.115320695587018918e+01
-2.259999999999999432e+02 9.115118152561291254e+01
-2.219999999999998863e+02 9.114926059378109358e+01
-2.179999999999999147e+02 9.114739172489663588e+01
-2.139999999999999432e+02 9.114545790748138643e+01
-2.099999999999998863e+02 9.114328856878336182e+01
-2.059999999999999147e+02 9.114067626113791221e+01
-2.019999999999999432e+02 9.113739727031071425e+01
-1.979999999999998863e+02 9.113323399629814503e+01
-1.939999999999999147e+02 9.112799673762378916e+01
-1.899999999999999147e+02 9.112154253502427537e+01
-1.859999999999998863e+02 9.111378910040053825e+01
-1.819999999999999147e+02 9.110472230769300950e+01
-1.779999999999999147e+02 9.109439645202098745e+01
-1.739999999999998863e+02 9.108292725174925408e+01
-1.699999999999999147e+02 9.107047834949958087e+01
-1.659999999999999147e+02 9.105724276895261937e+01
-1.619999999999998863e+02 9.104342130728826987e+01
-1.579999999999999147e+02 9.102920015000501053e+01
-1.539999999999999147e+02 9.101473006706891056e+01
-1.499999999999998863e+02 9.100010936776686776e+01
-1.459999999999999147e+02 9.098537240554799155e+01
-1.419999999999999147e+02 9.097048486415440038e+01
-1.379999999999998863e+02 9.095534635460842310e+01
-1.339999999999999147e+02 9.093980013420309660e+01
-1.299999999999999147e+02 9.092364902197607535e+01
-1.259999999999998863e+02 9.090667595800232448e+01
-1.219999999999999005e+02 9.088866713907117401e+01
-1.179999999999999147e+02 9.086943534716357362e+01
-1.139999999999998863e+02 9.084884102352179980e+01
-1.099999999999999005e+02 9.082680881667545236e+01
-1.059999999999999147e+02 9.080333774183452533e+01
-1.019999999999999289e+02 9.077850369410981557e+01
-9.799999999999990052e+01 9.075245384221955192e+01
-9.399999999999991473e+01 9.072539320564078480e+01
-8.999999999999992895e+01 9.069756451849059431e+01
-8.599999999999990052e+01 9.066922313778525222e+01
-8.199999999999991473e+01 9.064060924153136511e+01
-7.799999999999992895e+01 9.061192508146945102e+01
-7.399999999999990052e+01 9.058352603663377067e+01
-6.999999999999991473e+01 9.055555509377086310e+01
-6.599999999999992895e+01 9.052796889991805074e+01
-6.199999999999989342e+01 9.050061881534350050e+01
-5.799999999999990763e+01 9.047326111461484288e+01
-5.399999999999992895e+01 9.044557991147883058e+01
-4.999999999999989342e+01 9.041722299405813601e+01
-4.599999999999990763e+01 9.038784983744636747e+01
-4.199999999999992895e+01 9.035719007070082398e+01
-3.799999999999989342e+01 9.032510970826331231e+01
-3.399999999999990763e+01 9.029168157964272723e+01
-2.999999999999992539e+01 9.025725573191249396e+01
-2.599999999999988987e+01 9.022252542652393004e+01
-2.199999999999990408e+01 9.018858449650281273e+01
-1.799999999999986855e+01 9.015702796865946311e+01
-1.399999999999988631e+01 9.012908407634051855e+01
-9.999999999999904077e+00 9.010677831156323236e+01
-5.999999999999920952e+00 9.009274925717909355e+01
-1.999999999999938494e+00 9.009007629054127619e+01
2.000000000000150102e+00 9.010224693601765011e+01
6.000000000000133227e+00 9.013305966827493876e+01
1.000000000000011546e+01 9.018641100255848642e+01
1.400000000000009948e+01 9.026590893324282661e+01
1.800000000000008171e+01 9.037427489540198167e+01
2.200000000000006395e+01 9.051255978478485531e+01
2.600000000000004619e+01 9.067930712649587122e+01
3.000000000000013500e+01 9.086991330098180697e+01
3.400000000000012079e+01 9.107648386532667928e+01
3.800000000000009948e+01 9.128838242006855808e+01
4.200000000000008527e+01 9.149339598888991532e+01
4.600000000000007105e+01 9.167909768660774716e+01
5.000000000000004974e+01 9.183374198022244173e+01
5.400000000000014211e+01 9.194598568661984928e+01
5.800000000000012079e+01 9.200275068198703821e+01
6.200000000000010658e+01 9.197077868214881846e+01
6.600000000000008527e+01 9.182332089558326516e+01
7.000000000000007105e+01 9.136397989481469040e+01
