-4.979999999999999432e+02 8.085999912075749307e+01
-4.939999999999999432e+02 8.178335899575097301e+01
-4.899999999999999432e+02 8.237486754772208997e+01
-4.859999999999998863e+02 8.286843658418581526e+01
-4.819999999999998863e+02 8.331126215397728174e+01
-4.779999999999998863e+02 8.370419962735559238e+01
-4.739999999999999432e+02 8.403668062228246072e+01
-4.699999999999999432e+02 8.430145502407219738e+01
-4.659999999999998863e+02 8.450013631712869255e+01
-4.619999999999999432e+02 8.464270154440708893e+01
-4.579999999999999432e+02 8.474406096926350074e+01
-4.539999999999998863e+02 8.482019447317657068e+01
-4.499999999999999432e+02 8.488528957651976725e+01
-4.459999999999999432e+02 8.495035390893650629e+01
-4.419999999999998863e+02 8.502310055702332647e+01
-4.379999999999999432e+02 8.510854474127216918e+01
-4.339999999999999432e+02 8.520970653233734993e+01
-4.299999999999998863e+02 8.532802946282447465e+01
-4.259999999999999432e+02 8.546344894996383346e+01
-4.219999999999999432e+02 8.561429332303271167e+01
-4.179999999999999432e+02 8.577663775042435645e+01
-4.139999999999999432e+02 8.594604866669084231e+01
-4.099999999999999432e+02 8.611813041916451539e+01
-4.059999999999998863e+02 8.628680893873985269e+01
-4.019999999999999432e+02 8.644611336784106470e+01
-3.979999999999999432e+02 8.659077183012027490e+01
-3.939999999999999432e+02 8.671667343107640136e+01
-3.899999999999999432e+02 8.682113881379905251e+01
-3.859999999999999432e+02 8.690297537920582727e+01
-3.819999999999998863e+02 8.696233000359916332e+01
-3.779999999999999432e+02 8.700038641409634010e+01
-3.739999999999999432e+02 8.701897953467334901e+01
-3.699999999999999432e+02 8.702020987644914385e+01
-3.659999999999999432e+02 8.700613428737750610e+01
-3.619999999999999432e+02 8.697858639297044192e+01
-3.579999999999998863e+02 8.693914506561748112e+01
-3.539999999999998863e+02 8.688923048041340280e+01
-3.499999999999999432e+02 8.683027447729875803e+01
-3.459999999999999432e+02 8.676389536466626851e+01
-3.419999999999998863e+02 8.669201119647755149e+01
-3.379999999999999432e+02 8.661684929618979822e+01
-3.339999999999998863e+02 8.654084455377403629e+01
-3.299999999999998863e+02 8.646645326504187778e+01
-3.259999999999999432e+02 8.639593209210306668e+01
-3.219999999999999432e+02 8.633113679717945388e+01
-3.179999999999998863e+02 8.627338341977616665e+01
-3.139999999999999432e+02 8.622339200006962301e+01
-3.099999999999998863e+02 8.618130885888353987e+01
-3.059999999999998863e+02 8.614678577185992481e+01
-3.019999999999999432e+02 8.611908677166621828e+01
-2.979999999999999432e+02 8.609719541639339013e+01
-2.939999999999999432e+02 8.607990460239147978e+01
-2.899999999999999432e+02 8.606588296967282758e+01
-2.859999999999998863e+02 8.605372311865221491e+01
-2.819999999999998863e+02 8.604198445375459414e+01
-2.779999999999999432e+02 8.602924519630062150e+01
-2.739999999999999432e+02 8.601417444981694871e+01
-2.699999999999999432e+02 8.599562687114217852e+01
-2.659999999999999432e+02 8.597275193910786584e+01
-2.619999999999998863e+02 8.594510063141336786e+01
-2.579999999999998863e+02 8.591270719810285073e+01
-2.539999999999999147e+02 8.587612468028379453e+01
-2.499999999999999432e+02 8.583639989839684858e+01
-2.459999999999998863e+02 8.579498532790972831e+01
-2.419999999999999147e+02 8.575359814351782006e+01
-2.379999999999999432e+02 8.571404710548858930e+01
-2.339999999999998863e+02 8.567805316335989119e+01
-2.299999999999999147e+02 8.564708814939882586e+01
-2.259999999999999432e+02 8.562224931009285456e+01
-2.219999999999998863e+02 8.560417781232331436e+01
-2.179999999999999147e+02 8.559302083399614958e+01
-2.139999999999999432e+02 8.558843122110437207e+01
-2.099999999999998863e+02 8.558959744007216841e+01
-2.059999999999999147e+02 8.559529827799877921e+01
-2.019999999999999432e+02 8.560397985642833873e+01
-1.979999999999998863e+02 8.561385506761780562e+01
-1.939999999999999147e+02 8.562302534805911591e+01
-1.899999999999999147e+02 8.562962213074342799e+01
-1.859999999999998863e+02 8.563196060114159991e+01
-1.819999999999999147e+02 8.562869298674195306e+01
-1.779999999999999147e+02 8.561894463231686814e+01
-1.739999999999998863e+02 8.560241484450330063e+01
-1.699999999999999147e+02 8.557942666878903992e+01
-1.659999999999999147e+02 8.555091557963220339e+01
-1.619999999999998863e+02 8.551835514296976726e+01
-1.579999999999999147e+02 8.548362715149977475e+01
-1.539999999999999147e+02 8.544885204366750031e+01
-1.499999999999998863e+02 8.541620103918211271e+01
-1.459999999999999147e+02 8.538771300062722958e+01
-1.419999999999999147e+02 8.536513607285814942e+01
-1.379999999999998863e+02 8.534980848263438702e+01
-1.339999999999999147e+02 8.534258519162170842e+01
-1.299999999999999147e+02 8.534381034082673523e+01
-1.259999999999998863e+02 8.535333053199428832e+01
-1.219999999999999005e+02 8.537054088763011350e+01
-1.179999999999999147e+02 8.539445493026249778e+01
-1.139999999999998863e+02 8.542378910543703796e+01
-1.099999999999999005e+02 8.545705300887959766e+01
-1.059999999999999147e+02 8.549263708808905449e+01
-1.019999999999999289e+02 8.552889115570445711e+01
-9.799999999999990052e+01 8.556418958953202036e+01
-9.399999999999991473e+01 8.559698272713313827e+01
-8.999999999999992895e+01 8.562583809662174872e+01
-8.599999999999990052e+01 8.564947793665464815e+01
-8.199999999999991473e+01 8.566682011521680806e+01
-7.799999999999992895e+01 8.567702726883936748e+01
-7.399999999999990052e+01 8.567956350983723723e+01
-6.999999999999991473e+01 8.567425152174547520e+01
-6.599999999999992895e+01 8.566131688060073657e+01
-6.199999999999989342e+01 8.564140476928645285e+01
-5.799999999999990763e+01 8.561555816762711402e+01
-5.399999999999992895e+01 8.558515792332616456e+01
-4.999999999999989342e+01 8.555184144166565829e+01
-4.599999999999990763e+01 8.551743444045803244e+01
-4.199999999999992895e+01 8.548394272154473583e+01
-3.799999999999989342e+01 8.545365117013483314e+01
-3.399999999999990763e+01 8.542935987812268195e+01
-2.999999999999992539e+01 8.541475078477697025e+01
-2.599999999999988987e+01 8.541482703263261556e+01
-2.199999999999990408e+01 8.543631170687888243e+01
-1.799999999999986855e+01 8.548784909047014935e+01
-1.399999999999988631e+01 8.557983529881283857e+01
-9.999999999999904077e+00 8.572372958923887154e+01
-5.999999999999920952e+00 8.593076552579907457e+01
-1.999999999999938494e+00 8.621008072792994881e+01
2.000000000000150102e+00 8.656638301504136734e+01
6.000000000000133227e+00 8.699733012957233314e+01
1.000000000000011546e+01 8.749083275540988325e+01
1.400000000000009948e+01 8.802263898909404816e+01
1.800000000000008171e+01 8.856015117240207246e+01
2.200000000000006395e+01 8.907019288398856816e+01
2.600000000000004619e+01 8.945806651993660807e+01
3.000000000000013500e+01 8.969016547295586861e+01
3.400000000000012079e+01 8.972142597299540512e+01
3.800000000000009948e+01 8.948927362099033189e+01
4.200000000000008527e+01 8.909289307424234039e+01
4.600000000000007105e+01 8.861104805230348802e+01
5.000000000000004974e+01 8.811201023509147490e+01
5.400000000000014211e+01 8.763983397495064764e+01
5.800000000000012079e+01 8.721789721012214613e+01
