-4.979999999999999432e+02 7.621567695043671620e+01
-4.939999999999999432e+02 7.621551721431222859e+01
-4.899999999999999432e+02 7.628606122708509929e+01
-4.859999999999998863e+02 7.639113245242617722e+01
-4.819999999999998863e+02 7.652114819959268743e+01
-4.779999999999998863e+02 7.668475317935582325e+01
-4.739999999999999432e+02 7.690714937285338237e+01
-4.699999999999999432e+02 7.721296939758576627e+01
-4.659999999999998863e+02 7.761576071866511484e+01
-4.619999999999999432e+02 7.811719240695009603e+01
-4.579999999999999432e+02 7.872079252927323978e+01
-4.539999999999998863e+02 7.941800362740320907e+01
-4.499999999999999432e+02 8.025395543234338902e+01
-4.459999999999999432e+02 8.117521371971707822e+01
-4.419999999999998863e+02 8.214746303863267940e+01
-4.379999999999999432e+02 8.315870405408713850e+01
-4.339999999999999432e+02 8.424159865249674795e+01
-4.299999999999998863e+02 8.534935902869614210e+01
-4.259999999999999432e+02 8.638598676828860334e+01
-4.219999999999999432e+02 8.729424250225457627e+01
-4.179999999999999432e+02 8.799053077527241840e+01
-4.139999999999999432e+02 8.838675346134840538e+01
-4.099999999999999432e+02 8.843448760666927910e+01
-4.059999999999998863e+02 8.816914276098600567e+01
-4.019999999999999432e+02 8.767524559339659618e+01
-3.979999999999999432e+02 8.705387475043954737e+01
-3.939999999999999432e+02 8.639207196334882610e+01
-3.899999999999999432e+02 8.575381478092833731e+01
-3.859999999999999432e+02 8.518098423990915080e+01
-3.819999999999998863e+02 8.469783477298000207e+01
-3.779999999999999432e+02 8.431550196305306599e+01
-3.739999999999999432e+02 8.403482894582134577e+01
-3.699999999999999432e+02 8.384946638816649056e+01
-3.659999999999999432e+02 8.375105140255817560e+01
-3.619999999999999432e+02 8.372540181685076277e+01
-3.579999999999998863e+02 8.375589938815647884e+01
-3.539999999999998863e+02 8.382482937129805123e+01
-3.499999999999999432e+02 8.391478238413606050e+01
-3.459999999999999432e+02 8.401000329024276425e+01
-3.419999999999998863e+02 8.409751940026018246e+01
-3.379999999999999432e+02 8.416789797043918497e+01
-3.339999999999998863e+02 8.421555033200638718e+01
-3.299999999999998863e+02 8.423858526464715624e+01
-3.259999999999999432e+02 8.423829126061588113e+01
-3.219999999999999432e+02 8.421837858429177004e+01
-3.179999999999998863e+02 8.418412810947222624e+01
-3.139999999999999432e+02 8.414157414769880461e+01
-3.099999999999998863e+02 8.409680404718744740e+01
-3.059999999999998863e+02 8.405540686398347816e+01
-3.019999999999999432e+02 8.402206392150463898e+01
-2.979999999999999432e+02 8.400025505582607366e+01
-2.939999999999999432e+02 8.399205557401137412e+01
-2.899999999999999432e+02 8.399801395848305674e+01
-2.859999999999998863e+02 8.401711976049182340e+01
-2.819999999999998863e+02 8.404688515835118778e+01
-2.779999999999999432e+02 8.408356490144115014e+01
-2.739999999999999432e+02 8.412252473520607055e+01
-2.699999999999999432e+02 8.415874111358851906e+01
-2.659999999999999432e+02 8.418738333528818885e+01
-2.619999999999998863e+02 8.420440417288199342e+01
-2.579999999999998863e+02 8.420705454740914320e+01
-2.539999999999999147e+02 8.419424470133571958e+01
-2.499999999999999432e+02 8.416669622978071175e+01
-2.459999999999998863e+02 8.412686161529097717e+01
-2.419999999999999147e+02 8.407862498415784103e+01
-2.379999999999999432e+02 8.402683338545409697e+01
-2.339999999999998863e+02 8.397673432913438774e+01
-2.299999999999999147e+02 8.393340494806426477e+01
-2.259999999999999432e+02 8.390124782996036856e+01
-2.219999999999998863e+02 8.388360235018433286e+01
-2.179999999999999147e+02 8.388248904847193899e+01
-2.139999999999999432e+02 8.389848026467302589e+01
-2.099999999999998863e+02 8.393067964654670732e+01
-2.059999999999999147e+02 8.397679550717919028e+01
-2.019999999999999432e+02 8.403330134298499843e+01
-1.979999999999998863e+02 8.409568305546810052e+01
-1.939999999999999147e+02 8.415877111221379892e+01
-1.899999999999999147e+02 8.421714656502985008e+01
-1.859999999999998863e+02 8.426559653427142393e+01
-1.819999999999999147e+02 8.429958235536389566e+01
-1.779999999999999147e+02 8.431567617836049067e+01
-1.739999999999998863e+02 8.431192061318671449e+01
-1.699999999999999147e+02 8.428807021571310543e+01
-1.659999999999999147e+02 8.424568183880057859e+01
-1.619999999999998863e+02 8.418803299154490105e+01
-1.579999999999999147e+02 8.411986426620597967e+01
-1.539999999999999147e+02 8.404696391213116158e+01
-1.499999999999998863e+02 8.397563775727832081e+01
-1.459999999999999147e+02 8.391212986727646239e+01
-1.419999999999999147e+02 8.386207037864625136e+01
-1.379999999999998863e+02 8.383002075185970625e+01
-1.339999999999999147e+02 8.381916389357104435e+01
-1.299999999999999147e+02 8.383115550328420795e+01
-1.259999999999998863e+02 8.386612436763829237e+01
-1.219999999999999005e+02 8.392279086714870573e+01
-1.179999999999999147e+02 8.399866620388900174e+01
-1.139999999999998863e+02 8.409029569255721981e+01
-1.099999999999999005e+02 8.419351382183248234e+01
-1.059999999999999147e+02 8.430368470707509232e+01
-1.019999999999999289e+02 8.441591029348029451e+01
-9.799999999999990052e+01 8.452520178186688327e+01
-9.399999999999991473e+01 8.462662616325957288e+01
-8.999999999999992895e+01 8.471545472106657826e+01
-8.599999999999990052e+01 8.478734680940647195e+01
-8.199999999999991473e+01 8.483859398979228672e+01
-7.799999999999992895e+01 8.486642531981811999e+01
-7.399999999999990052e+01 8.486933986573745869e+01
-6.999999999999991473e+01 8.484739875272413201e+01
-6.599999999999992895e+01 8.480239002865874909e+01
-6.199999999999989342e+01 8.473778635719105523e+01
-5.799999999999990763e+01 8.465845179186840141e+01
-5.399999999999992895e+01 8.457011490557613342e+01
-4.999999999999989342e+01 8.447869980580753690e+01
-4.599999999999990763e+01 8.438967700075909306e+01
-4.199999999999992895e+01 8.430764122613692280e+01
-3.799999999999989342e+01 8.423631999946780979e+01
-3.399999999999990763e+01 8.417914725191633352e+01
-2.999999999999992539e+01 8.414039863702811317e+01
-2.599999999999988987e+01 8.412669560939400526e+01
-2.199999999999990408e+01 8.414847257844559181e+01
-1.799999999999986855e+01 8.422080612856831294e+01
-1.399999999999988631e+01 8.436290464961422231e+01
-9.999999999999904077e+00 8.459570495736778639e+01
-5.999999999999920952e+00 8.493762003721053588e+01
-1.999999999999938494e+00 8.539953187148199731e+01
2.000000000000150102e+00 8.598100276585842039e+01
6.000000000000133227e+00 8.666914237453426040e+01
1.000000000000011546e+01 8.745177052760283232e+01
1.400000000000009948e+01 8.830399046674028796e+01
1.800000000000008171e+01 8.916451583245901702e+01
2.200000000000006395e+01 9.001141459134629486e+01
2.600000000000004619e+01 9.060804695554304544e+01
3.000000000000013500e+01 9.090050793425547226e+01
3.400000000000012079e+01 9.068032449405990292e+01
3.800000000000009948e+01 8.996949885898993671e+01
4.200000000000008527e+01 8.900739870753659488e+01
4.600000000000007105e+01 8.793495817451275798e+01
5.000000000000004974e+01 8.688076728260097070e+01
5.400000000000014211e+01 8.579918913644451095e+01
