-4.979999999999999432e+02 9.596883325618210847e+01
-4.939999999999999432e+02 9.627677795080046508e+01
-4.899999999999999432e+02 9.644515128364031398e+01
-4.859999999999998863e+02 9.654022249050359505e+01
-4.819999999999998863e+02 9.658311965539172661e+01
-4.779999999999998863e+02 9.658532883052293982e+01
-4.739999999999999432e+02 9.655650358911418607e+01
-4.699999999999999432e+02 9.650570395169660287e+01
-4.659999999999998863e+02 9.644106410717972722e+01
-4.619999999999999432e+02 9.636938525925626209e+01
-4.579999999999999432e+02 9.629561844448249985e+01
-4.539999999999998863e+02 9.622315615225431884e+01
-4.499999999999999432e+02 9.615751746999723082e+01
-4.459999999999999432e+02 9.609902576163989352e+01
-4.419999999999998863e+02 9.604818888366872898e+01
-4.379999999999999432e+02 9.600497806053931527e+01
-4.339999999999999432e+02 9.596899989802295750e+01
-4.299999999999998863e+02 9.593963889116264454e+01
-4.259999999999999432e+02 9.591617403222312532e+01
-4.219999999999999432e+02 9.589787154814700898e+01
-4.179999999999999432e+02 9.588405461977885125e+01
-4.139999999999999432e+02 9.587415073326337733e+01
-4.099999999999999432e+02 9.586771783024488514e+01
-4.059999999999998863e+02 9.586445114656356736e+01
-4.019999999999999432e+02 9.586417355753724223e+01
-3.979999999999999432e+02 9.586681318088898252e+01
-3.939999999999999432e+02 9.587237242640549084e+01
-3.899999999999999432e+02 9.588089301021409483e+01
-3.859999999999999432e+02 9.589242117624928596e+01
-3.819999999999998863e+02 9.590697673936819001e+01
-3.779999999999999432e+02 9.592452889320367149e+01
-3.739999999999999432e+02 9.594498064881798882e+01
-3.699999999999999432e+02 9.596816265866590356e+01
-3.659999999999999432e+02 9.599383616494361604e+01
-3.619999999999999432e+02 9.602170394011704957e+01
-3.579999999999998863e+02 9.605142735829195999e+01
-3.539999999999998863e+02 9.608264728144303035e+01
-3.499999999999999432e+02 9.611500621894242613e+01
-3.459999999999999432e+02 9.614816931933694377e+01
-3.419999999999998863e+02 9.618171621647911707e+01
-3.379999999999999432e+02 9.621536758169236236e+01
-3.339999999999998863e+02 9.624897346072850723e+01
-3.299999999999998863e+02 9.628243601787687567e+01
-3.259999999999999432e+02 9.631571061663487399e+01
-3.219999999999999432e+02 9.634879528853389274e+01
-3.179999999999998863e+02 9.638171695953991502e+01
-3.139999999999999432e+02 9.641451604050706692e+01
-3.099999999999998863e+02 9.644723117585516547e+01
-3.059999999999998863e+02 9.647988567213633360e+01
-3.019999999999999432e+02 9.651247699160859383e+01
-2.979999999999999432e+02 9.654497022826649300e+01
-2.939999999999999432e+02 9.657729603239431526e+01
-2.899999999999999432e+02 9.660935295877993667e+01
-2.859999999999998863e+02 9.664101379670006509e+01
-2.819999999999998863e+02 9.667213500992886566e+01
-2.779999999999999432e+02 9.670256813941603014e+01
-2.739999999999999432e+02 9.673217184312699146e+01
-2.699999999999999432e+02 9.676082320685213745e+01
-2.659999999999999432e+02 9.678842708292353336e+01
-2.619999999999998863e+02 9.681492248186032157e+01
-2.579999999999998863e+02 9.684028536365093487e+01
-2.539999999999999147e+02 9.686452757993441764e+01
-2.499999999999999432e+02 9.688769214557851228e+01
-2.459999999999998863e+02 9.690984538654157632e+01
-2.419999999999999147e+02 9.693106690024615091e+01
-2.379999999999999432e+02 9.695143837939457399e+01
-2.339999999999998863e+02 9.697103254631986147e+01
-2.299999999999999147e+02 9.698990338242936105e+01
-2.259999999999999432e+02 9.700807860640742319e+01
-2.219999999999998863e+02 9.702555518638160947e+01
-2.179999999999999147e+02 9.704229829864294743e+01
-2.139999999999999432e+02 9.705824377111633794e+01
-2.099999999999998863e+02 9.707330371980492600e+01
-2.059999999999999147e+02 9.708737475088980773e+01
-2.019999999999999432e+02 9.710034776133392143e+01
-1.979999999999998863e+02 9.711211831952709872e+01
-1.939999999999999147e+02 9.712259650058769012e+01
-1.899999999999999147e+02 9.713171511874656971e+01
-1.859999999999998863e+02 9.713943550099673985e+01
-1.819999999999999147e+02 9.714575014643213535e+01
-1.779999999999999147e+02 9.715068203690918835e+01
-1.739999999999998863e+02 9.715428064956671506e+01
-1.699999999999999147e+02 9.715661167361542994e+01
-1.659999999999999147e+02 9.715788078544022710e+01
-1.619999999999998863e+02 9.715829359354955841e+01
-1.579999999999999147e+02 9.715795212054570129e+01
-1.539999999999999147e+02 9.715693922132288662e+01
-1.499999999999998863e+02 9.715531111377720208e+01
-1.459999999999999147e+02 9.715309268238434015e+01
-1.419999999999999147e+02 9.715027601516243294e+01
-1.379999999999998863e+02 9.714682231298314719e+01
-1.339999999999999147e+02 9.714266700398655985e+01
-1.299999999999999147e+02 9.713772763563747503e+01
-1.259999999999998863e+02 9.713191384545808660e+01
-1.219999999999999005e+02 9.712513851079478400e+01
-1.179999999999999147e+02 9.711732910512597527e+01
-1.139999999999998863e+02 9.710843823195961022e+01
-1.099999999999999005e+02 9.709845243942646675e+01
-1.059999999999999147e+02 9.708739847046786053e+01
-1.019999999999999289e+02 9.707534630787773722e+01
-9.799999999999990052e+01 9.706240857327145477e+01
-9.399999999999991473e+01 9.704873609373038335e+01
-8.999999999999992895e+01 9.703450962653010947e+01
-8.599999999999990052e+01 9.701992801924149035e+01
-8.199999999999991473e+01 9.700519322134675804e+01
-7.799999999999992895e+01 9.699049278081571401e+01
-7.399999999999990052e+01 9.697598073450768652e+01
-6.999999999999991473e+01 9.696175797165295762e+01
-6.599999999999992895e+01 9.694785344447723219e+01
-6.199999999999989342e+01 9.693420794463696666e+01
-5.799999999999990763e+01 9.692066248297641096e+01
-5.399999999999992895e+01 9.690681546199499508e+01
-4.999999999999989342e+01 9.689142068946682684e+01
-4.599999999999990763e+01 9.687380565726982695e+01
-4.199999999999992895e+01 9.685336972908822872e+01
-3.799999999999989342e+01 9.682948100921208834e+01
-3.399999999999990763e+01 9.680151549339308303e+01
-2.999999999999992539e+01 9.676992209760965125e+01
-2.599999999999988987e+01 9.673557302387769141e+01
-2.199999999999990408e+01 9.669871859434607586e+01
-1.799999999999986855e+01 9.666000967022955592e+01
-1.399999999999988631e+01 9.662055375973210403e+01
-9.999999999999904077e+00 9.658193804652108838e+01
-5.999999999999920952e+00 9.654620947714755630e+01
-1.999999999999938494e+00 9.651580419584206538e+01
2.000000000000150102e+00 9.649342003845868021e+01
6.000000000000133227e+00 9.648182466803268653e+01
1.000000000000011546e+01 9.648358816568406837e+01
1.400000000000009948e+01 9.650072522289718790e+01
1.800000000000008171e+01 9.653423603029898459e+01
2.200000000000006395e+01 9.658355792505028603e+01
2.600000000000004619e+01 9.664599024598368260e+01
3.000000000000013500e+01 9.671622766693178619e+01
3.400000000000012079e+01 9.678560712404396327e+01
3.800000000000009948e+01 9.684280257618001997e+01
4.200000000000008527e+01 9.687576179796070619e+01
4.600000000000007105e+01 9.687150166529136186e+01
5.000000000000004974e+01 9.681695124063162439e+01
5.400000000000014211e+01 9.670376642964555458e+01
5.800000000000012079e+01 9.653290464818070404e+01
6.200000000000010658e+01 9.630998189435132417e+01
6.600000000000008527e+01 9.604208184800120307e+01
7.000000000000007105e+01 9.562660629580364002e+01
7.400000000000005684e+01 9.501976570953144119e+01
