-4.979999999999999432e+02 7.618363607252803149e+01
-4.939999999999999432e+02 7.644442812851451663e+01
-4.899999999999999432e+02 7.667553769273592934e+01
-4.859999999999998863e+02 7.691181203461030691e+01
-4.819999999999998863e+02 7.716960447404801471e+01
-4.779999999999998863e+02 7.746770722445307911e+01
-4.739999999999999432e+02 7.783763246413582237e+01
-4.699999999999999432e+02 7.831540388668321384e+01
-4.659999999999998863e+02 7.889742923430094379e+01
-4.619999999999999432e+02 7.958655380588390926e+01
-4.579999999999999432e+02 8.037862579687805464e+01
-4.539999999999998863e+02 8.132088920467703019e+01
-4.499999999999999432e+02 8.237686535252481690e+01
-4.459999999999999432e+02 8.348387276544536917e+01
-4.419999999999998863e+02 8.462111081558157366e+01
-4.379999999999999432e+02 8.581013869810004735e+01
-4.339999999999999432e+02 8.689912198462752713e+01
-4.299999999999998863e+02 8.780724754230317330e+01
-4.259999999999999432e+02 8.845753445939431003e+01
-4.219999999999999432e+02 8.878954966582790576e+01
-4.179999999999999432e+02 8.879642251004258924e+01
-4.139999999999999432e+02 8.853044620032682133e+01
-4.099999999999999432e+02 8.807585215403059919e+01
-4.059999999999998863e+02 8.751838802060478884e+01
-4.019999999999999432e+02 8.692874122008635140e+01
-3.979999999999999432e+02 8.635835285188528587e+01
-3.939999999999999432e+02 8.584125203465475806e+01
-3.899999999999999432e+02 8.539608935653342314e+01
-3.859999999999999432e+02 8.503252959068049677e+01
-3.819999999999998863e+02 8.475506163559060724e+01
-3.779999999999999432e+02 8.456152835413246294e+01
-3.739999999999999432e+02 8.444596159950924630e+01
-3.699999999999999432e+02 8.439945524513689179e+01
-3.659999999999999432e+02 8.441077494010818327e+01
-3.619999999999999432e+02 8.446690227559525965e+01
-3.579999999999998863e+02 8.455368439920306400e+01
-3.539999999999998863e+02 8.465668009180780018e+01
-3.499999999999999432e+02 8.476217760906456533e+01
-3.459999999999999432e+02 8.485825105293690740e+01
-3.419999999999998863e+02 8.493566646683666477e+01
-3.379999999999999432e+02 8.498846653305537302e+01
-3.339999999999998863e+02 8.501413830849259057e+01
-3.299999999999998863e+02 8.501336508508933321e+01
-3.259999999999999432e+02 8.498944627430853416e+01
-3.219999999999999432e+02 8.494751778827730959e+01
-3.179999999999998863e+02 8.489371610403742352e+01
-3.139999999999999432e+02 8.483440746675654509e+01
-3.099999999999998863e+02 8.477556160944061503e+01
-3.059999999999998863e+02 8.472230133785529915e+01
-3.019999999999999432e+02 8.467861918847012248e+01
-2.979999999999999432e+02 8.464722834194077450e+01
-2.939999999999999432e+02 8.462950946429248233e+01
-2.899999999999999432e+02 8.462552434508597798e+01
-2.859999999999998863e+02 8.463408404602500923e+01
-2.819999999999998863e+02 8.465287559840919585e+01
-2.779999999999999432e+02 8.467866040133509387e+01
-2.739999999999999432e+02 8.470755524872726028e+01
-2.699999999999999432e+02 8.473539354105952270e+01
-2.659999999999999432e+02 8.475814386590582217e+01
-2.619999999999998863e+02 8.477234273456252822e+01
-2.579999999999998863e+02 8.477548518205446726e+01
-2.539999999999999147e+02 8.476631564624284465e+01
-2.499999999999999432e+02 8.474497321176886544e+01
-2.459999999999998863e+02 8.471296690768673443e+01
-2.419999999999999147e+02 8.467298447392312255e+01
-2.379999999999999432e+02 8.462856521611746530e+01
-2.339999999999998863e+02 8.458368865086811184e+01
-2.299999999999999147e+02 8.454234037728474505e+01
-2.259999999999999432e+02 8.450811256018113227e+01
-2.219999999999998863e+02 8.448388065929901813e+01
-2.179999999999999147e+02 8.447157707115599123e+01
-2.139999999999999432e+02 8.447206322690971092e+01
-2.099999999999998863e+02 8.448509054221568704e+01
-2.059999999999999147e+02 8.450933802566424902e+01
-2.019999999999999432e+02 8.454251802625873324e+01
-1.979999999999998863e+02 8.458154614562346296e+01
-1.939999999999999147e+02 8.462277271822938474e+01
-1.899999999999999147e+02 8.466226962071340267e+01
-1.859999999999998863e+02 8.469615806357273868e+01
-1.819999999999999147e+02 8.472095362039181055e+01
-1.779999999999999147e+02 8.473389721858637813e+01
-1.739999999999998863e+02 8.473323743986537693e+01
-1.699999999999999147e+02 8.471843087838260544e+01
-1.659999999999999147e+02 8.469023345469372543e+01
-1.619999999999998863e+02 8.465066590062622254e+01
-1.579999999999999147e+02 8.460285059298712440e+01
-1.539999999999999147e+02 8.455073345285541109e+01
-1.499999999999998863e+02 8.449872158024032842e+01
-1.459999999999999147e+02 8.445128094204682156e+01
-1.419999999999999147e+02 8.441254442862731366e+01
-1.379999999999998863e+02 8.438597662360803042e+01
-1.339999999999999147e+02 8.437412842526987333e+01
-1.299999999999999147e+02 8.437849674860314053e+01
-1.259999999999998863e+02 8.439948700145612293e+01
-1.219999999999999005e+02 8.443646348509872723e+01
-1.179999999999999147e+02 8.448786634797323813e+01
-1.139999999999998863e+02 8.455137209444399105e+01
-1.099999999999999005e+02 8.462407559366283749e+01
-1.059999999999999147e+02 8.470267431451941320e+01
-1.019999999999999289e+02 8.478363986911898564e+01
-9.799999999999990052e+01 8.486336890188010784e+01
-9.399999999999991473e+01 8.493831447360577158e+01
-8.999999999999992895e+01 8.500510832504670589e+01
-8.599999999999990052e+01 8.506069027878368161e+01
-8.199999999999991473e+01 8.510245973984234524e+01
-7.799999999999992895e+01 8.512845437073485755e+01
-7.399999999999990052e+01 8.513754344374967786e+01
-6.999999999999991473e+01 8.512960377209105900e+01
-6.599999999999992895e+01 8.510563136104292425e+01
-6.199999999999989342e+01 8.506774015130446287e+01
-5.799999999999990763e+01 8.501901488697569675e+01
-5.399999999999992895e+01 8.496321873756187415e+01
-4.999999999999989342e+01 8.490440190753497518e+01
-4.599999999999990763e+01 8.484650397501218322e+01
-4.199999999999992895e+01 8.479307589260417899e+01
-3.799999999999989342e+01 8.474725245463076817e+01
-3.399999999999990763e+01 8.471207135028600987e+01
-2.999999999999992539e+01 8.469115666512527696e+01
-2.599999999999988987e+01 8.468966885399970579e+01
-2.199999999999990408e+01 8.471528599521570868e+01
-1.799999999999986855e+01 8.477884956442170505e+01
-1.399999999999988631e+01 8.489422900440541753e+01
-9.999999999999904077e+00 8.507700756179673363e+01
-5.999999999999920952e+00 8.534185754046461625e+01
-1.999999999999938494e+00 8.569897824457154911e+01
2.000000000000150102e+00 8.615051484076099086e+01
6.000000000000133227e+00 8.668829432504065835e+01
1.000000000000011546e+01 8.730171754362964975e+01
1.400000000000009948e+01 8.796557941313676565e+01
1.800000000000008171e+01 8.863414798329898758e+01
2.200000000000006395e+01 8.928365952808940165e+01
2.600000000000004619e+01 8.977712647270760726e+01
3.000000000000013500e+01 9.005616985594298285e+01
3.400000000000012079e+01 9.005637068430564796e+01
3.800000000000009948e+01 8.969483079202444742e+01
4.200000000000008527e+01 8.914220038855694384e+01
4.600000000000007105e+01 8.851262223286306607e+01
5.000000000000004974e+01 8.789529544198001076e+01
5.400000000000014211e+01 8.733056752784040100e+01
5.800000000000012079e+01 8.680951669233047596e+01
