-4.979999999999999432e+02 9.433643480448409946e+01
-4.939999999999999432e+02 9.468387121976172693e+01
-4.899999999999999432e+02 9.487125171379187805e+01
-4.859999999999998863e+02 9.497744275886361720e+01
-4.819999999999998863e+02 9.503340274000493082e+01
-4.779999999999998863e+02 9.504944234025725791e+01
-4.739999999999999432e+02 9.503383344794605136e+01
-4.699999999999999432e+02 9.499622999297997694e+01
-4.659999999999998863e+02 9.494482044520214004e+01
-4.619999999999999432e+02 9.488616991161040914e+01
-4.579999999999999432e+02 9.482491978400685184e+01
-4.539999999999998863e+02 9.476348502501002713e+01
-4.499999999999999432e+02 9.470465912832844424e+01
-4.459999999999999432e+02 9.465013505277528338e+01
-4.419999999999998863e+02 9.460081475964938136e+01
-4.379999999999999432e+02 9.455699715801404182e+01
-4.339999999999999432e+02 9.451855232702968124e+01
-4.299999999999998863e+02 9.448507712344411402e+01
-4.259999999999999432e+02 9.445602850718239551e+01
-4.219999999999999432e+02 9.443083193010795640e+01
-4.179999999999999432e+02 9.440896319646452639e+01
-4.139999999999999432e+02 9.439000357494876425e+01
-4.099999999999999432e+02 9.437366933348567954e+01
-4.059999999999998863e+02 9.436004074811160081e+01
-4.019999999999999432e+02 9.434929601491637641e+01
-3.979999999999999432e+02 9.434141873758193242e+01
-3.939999999999999432e+02 9.433650411843058237e+01
-3.899999999999999432e+02 9.433467655847528022e+01
-3.859999999999999432e+02 9.433605032458115147e+01
-3.819999999999998863e+02 9.434069536936505074e+01
-3.779999999999999432e+02 9.434861130355812975e+01
-3.739999999999999432e+02 9.435971146375027274e+01
-3.699999999999999432e+02 9.437381781794726976e+01
-3.659999999999999432e+02 9.439066630682066261e+01
-3.619999999999999432e+02 9.440992125483074915e+01
-3.579999999999998863e+02 9.443119667569516196e+01
-3.539999999999998863e+02 9.445408180736177428e+01
-3.499999999999999432e+02 9.447816795949029256e+01
-3.459999999999999432e+02 9.450307385145481476e+01
-3.419999999999998863e+02 9.452846694580654230e+01
-3.379999999999999432e+02 9.455407884026112697e+01
-3.339999999999998863e+02 9.457971353100197121e+01
-3.299999999999998863e+02 9.460524816882713139e+01
-3.259999999999999432e+02 9.463062671829476358e+01
-3.219999999999999432e+02 9.465584766039671649e+01
-3.179999999999998863e+02 9.468094738421888223e+01
-3.139999999999999432e+02 9.470598128961717066e+01
-3.099999999999998863e+02 9.473100469867586071e+01
-3.059999999999998863e+02 9.475605559754194473e+01
-3.019999999999999432e+02 9.478114091467847402e+01
-2.979999999999999432e+02 9.480622759800161248e+01
-2.939999999999999432e+02 9.483123919160726700e+01
-2.899999999999999432e+02 9.485604896778505690e+01
-2.859999999999998863e+02 9.488048936226391561e+01
-2.819999999999998863e+02 9.490439953811250007e+01
-2.779999999999999432e+02 9.492760319641314481e+01
-2.739999999999999432e+02 9.494993119593590336e+01
-2.699999999999999432e+02 9.497123611877020721e+01
-2.659999999999999432e+02 9.499140454446069270e+01
-2.619999999999998863e+02 9.501036576453248017e+01
-2.579999999999998863e+02 9.502809599225599868e+01
-2.539999999999999147e+02 9.504461769397414628e+01
-2.499999999999999432e+02 9.505999417164667875e+01
-2.459999999999998863e+02 9.507432001647640618e+01
-2.419999999999999147e+02 9.508770851463441431e+01
-2.379999999999999432e+02 9.510027738233736727e+01
-2.339999999999998863e+02 9.511213434951042700e+01
-2.299999999999999147e+02 9.512336411791278579e+01
-2.259999999999999432e+02 9.513401802729282508e+01
-2.219999999999998863e+02 9.514410748641068949e+01
-2.179999999999999147e+02 9.515360179653015393e+01
-2.139999999999999432e+02 9.516242590144878477e+01
-2.099999999999998863e+02 9.517049881860049254e+01
-2.059999999999999147e+02 9.517770746155713368e+01
-2.019999999999999432e+02 9.518392425483943953e+01
-1.979999999999998863e+02 9.518902668100452047e+01
-1.939999999999999147e+02 9.519291061956926114e+01
-1.899999999999999147e+02 9.519550177347247200e+01
-1.859999999999998863e+02 9.519676393798414438e+01
-1.819999999999999147e+02 9.519670324368541969e+01
-1.779999999999999147e+02 9.519536792978317408e+01
-1.739999999999998863e+02 9.519284369028190440e+01
-1.699999999999999147e+02 9.518924508338119495e+01
-1.659999999999999147e+02 9.518470397827530860e+01
-1.619999999999998863e+02 9.517935624429969721e+01
-1.579999999999999147e+02 9.517332809059996634e+01
-1.539999999999999147e+02 9.516672347016935873e+01
-1.499999999999998863e+02 9.515961385530187044e+01
-1.459999999999999147e+02 9.515203143428283283e+01
-1.419999999999999147e+02 9.514396641117474474e+01
-1.379999999999998863e+02 9.513533680948341953e+01
-1.339999999999999147e+02 9.512591657938418166e+01
-1.299999999999999147e+02 9.511556429052848216e+01
-1.259999999999998863e+02 9.510413947573579208e+01
-1.219999999999999005e+02 9.509150210349383769e+01
-1.179999999999999147e+02 9.507752674411608496e+01
-1.139999999999998863e+02 9.506211562113827540e+01
-1.099999999999999005e+02 9.504520926360578414e+01
-1.059999999999999147e+02 9.502679369790593000e+01
-1.019999999999999289e+02 9.500690340462375616e+01
-9.799999999999990052e+01 9.498561960572806129e+01
-9.399999999999991473e+01 9.496306384190529570e+01
-8.999999999999992895e+01 9.493938717496001800e+01
-8.599999999999990052e+01 9.491475563443884766e+01
-8.199999999999991473e+01 9.488933284654939371e+01
-7.799999999999992895e+01 9.486326089307050324e+01
-7.399999999999990052e+01 9.483664062735692823e+01
-6.999999999999991473e+01 9.480951274630137959e+01
-6.599999999999992895e+01 9.478184094867117437e+01
-6.199999999999989342e+01 9.475349859949329812e+01
-5.799999999999990763e+01 9.472426037580055436e+01
-5.399999999999992895e+01 9.469380041833005635e+01
-4.999999999999989342e+01 9.466169855608717398e+01
-4.599999999999990763e+01 9.462745601670667384e+01
-4.199999999999992895e+01 9.459052171765461026e+01
-3.799999999999989342e+01 9.455032965210841667e+01
-3.399999999999990763e+01 9.450634692545764892e+01
-2.999999999999992539e+01 9.445810862521864237e+01
-2.599999999999988987e+01 9.440603653292276931e+01
-2.199999999999990408e+01 9.435118418956341202e+01
-1.799999999999986855e+01 9.429413733882944371e+01
-1.399999999999988631e+01 9.423589036934941987e+01
-9.999999999999904077e+00 9.417786522772826174e+01
-5.999999999999920952e+00 9.412189019098474319e+01
-1.999999999999938494e+00 9.407012909801625256e+01
2.000000000000150102e+00 9.402495284966636291e+01
6.000000000000133227e+00 9.398886566356571848e+01
1.000000000000011546e+01 9.396323421560646239e+01
1.400000000000009948e+01 9.394838228245288292e+01
1.800000000000008171e+01 9.394524541104152604e+01
2.200000000000006395e+01 9.395349577040491340e+01
2.600000000000004619e+01 9.397096777085187114e+01
3.000000000000013500e+01 9.399313370802786949e+01
3.400000000000012079e+01 9.401283033303235470e+01
3.800000000000009948e+01 9.402045626896574504e+01
4.200000000000008527e+01 9.400474539875415303e+01
4.600000000000007105e+01 9.395391315031395152e+01
5.000000000000004974e+01 9.385641762366077501e+01
5.400000000000014211e+01 9.369956954338590549e+01
5.800000000000012079e+01 9.346953359411975271e+01
6.200000000000010658e+01 9.317527378411887184e+01
6.600000000000008527e+01 9.282956442794500163e+01
7.000000000000007105e+01 9.230258421906637523e+01
7.400000000000005684e+01 9.118377104391532839e+01
