-4.979999999999999432e+02 8.448587945321440884e+01
-4.939999999999999432e+02 8.501459932354828197e+01
-4.899999999999999432e+02 8.535941761158767349e+01
-4.859999999999998863e+02 8.563513124321929126e+01
-4.819999999999998863e+02 8.587606488119234882e+01
-4.779999999999998863e+02 8.609268772421665972e+01
-4.739999999999999432e+02 8.628786735258898943e+01
-4.699999999999999432e+02 8.646350606058501853e+01
-4.659999999999998863e+02 8.662311544117818585e+01
-4.619999999999999432e+02 8.677209895307112220e+01
-4.579999999999999432e+02 8.691695063065856175e+01
-4.539999999999998863e+02 8.706290004728458598e+01
-4.499999999999999432e+02 8.721544007715164071e+01
-4.459999999999999432e+02 8.737869082583711133e+01
-4.419999999999998863e+02 8.755504974868910040e+01
-4.379999999999999432e+02 8.774517424923561748e+01
-4.339999999999999432e+02 8.794813396232410696e+01
-4.299999999999998863e+02 8.816166859544324552e+01
-4.259999999999999432e+02 8.838250312537434183e+01
-4.219999999999999432e+02 8.860668404230017359e+01
-4.179999999999999432e+02 8.882923230776452783e+01
-4.139999999999999432e+02 8.904572135847820391e+01
-4.099999999999999432e+02 8.925242519434476662e+01
-4.059999999999998863e+02 8.944563470029373775e+01
-4.019999999999999432e+02 8.962215410775712598e+01
-3.979999999999999432e+02 8.977934402528984492e+01
-3.939999999999999432e+02 8.991564891028070861e+01
-3.899999999999999432e+02 9.002996290544126623e+01
-3.859999999999999432e+02 9.012185562176438225e+01
-3.819999999999998863e+02 9.019152321590030397e+01
-3.779999999999999432e+02 9.023972097338651110e+01
-3.739999999999999432e+02 9.026768388426955880e+01
-3.699999999999999432e+02 9.027704027901802419e+01
-3.659999999999999432e+02 9.026972224954721469e+01
-3.619999999999999432e+02 9.024787563677648450e+01
-3.579999999999998863e+02 9.021377155342094056e+01
-3.539999999999998863e+02 9.016972133895399111e+01
-3.499999999999999432e+02 9.011799686164664536e+01
-3.459999999999999432e+02 9.006075824167936617e+01
-3.419999999999998863e+02 8.999999123792628097e+01
-3.379999999999999432e+02 8.993745644121929672e+01
-3.339999999999998863e+02 8.987465193885043391e+01
-3.299999999999998863e+02 8.981279046682323042e+01
-3.259999999999999432e+02 8.975279127066414731e+01
-3.219999999999999432e+02 8.969528586537484216e+01
-3.179999999999998863e+02 8.964063629628884655e+01
-3.139999999999999432e+02 8.958896386139036849e+01
-3.099999999999998863e+02 8.954018591952279849e+01
-3.059999999999998863e+02 8.949405834644085189e+01
-3.019999999999999432e+02 8.945022123977258843e+01
-2.979999999999999432e+02 8.940824555446562272e+01
-2.939999999999999432e+02 8.936767853655618410e+01
-2.899999999999999432e+02 8.932808589341448169e+01
-2.859999999999998863e+02 8.928908876173403542e+01
-2.819999999999998863e+02 8.925039365546803083e+01
-2.779999999999999432e+02 8.921181378113061555e+01
-2.739999999999999432e+02 8.917328047471761465e+01
-2.699999999999999432e+02 8.913484408608871945e+01
-2.659999999999999432e+02 8.909666434906989707e+01
-2.619999999999998863e+02 8.905899120611849185e+01
-2.579999999999998863e+02 8.902213778857725401e+01
-2.539999999999999147e+02 8.898644806143903452e+01
-2.499999999999999432e+02 8.895226209566135367e+01
-2.459999999999998863e+02 8.891988217060253419e+01
-2.419999999999999147e+02 8.888954272489672803e+01
-2.379999999999999432e+02 8.886138669247702637e+01
-2.339999999999998863e+02 8.883545022953632042e+01
-2.299999999999999147e+02 8.881165692426912983e+01
-2.259999999999999432e+02 8.878982191883852693e+01
-2.219999999999998863e+02 8.876966550918513121e+01
-2.179999999999999147e+02 8.875083505735284461e+01
-2.139999999999999432e+02 8.873293341540272650e+01
-2.099999999999998863e+02 8.871555158725487900e+01
-2.059999999999999147e+02 8.869830282860823445e+01
-2.019999999999999432e+02 8.868085524467397818e+01
-1.979999999999998863e+02 8.866295990042715403e+01
-1.939999999999999147e+02 8.864447168145119349e+01
-1.899999999999999147e+02 8.862536087202005319e+01
-1.859999999999998863e+02 8.860571415034780784e+01
-1.819999999999999147e+02 8.858572474066539826e+01
-1.779999999999999147e+02 8.856567262120273654e+01
-1.739999999999998863e+02 8.854589669888179060e+01
-1.699999999999999147e+02 8.852676167100696603e+01
-1.659999999999999147e+02 8.850862284934567015e+01
-1.619999999999998863e+02 8.849179227598534681e+01
-1.579999999999999147e+02 8.847650934567542436e+01
-1.539999999999999147e+02 8.846291864566660479e+01
-1.499999999999998863e+02 8.845105695550302016e+01
-1.459999999999999147e+02 8.844085057267574257e+01
-1.419999999999999147e+02 8.843212324327004126e+01
-1.379999999999998863e+02 8.842461394949572195e+01
-1.339999999999999147e+02 8.841800303131526562e+01
-1.299999999999999147e+02 8.841194421529712599e+01
-1.259999999999998863e+02 8.840609948793724016e+01
-1.219999999999999005e+02 8.840017328702060695e+01
-1.179999999999999147e+02 8.839394234555379626e+01
-1.139999999999998863e+02 8.838727772731004961e+01
-1.099999999999999005e+02 8.838015622714243591e+01
-1.059999999999999147e+02 8.837265935870533440e+01
-1.019999999999999289e+02 8.836495943205733283e+01
-9.799999999999990052e+01 8.835729367387966704e+01
-9.399999999999991473e+01 8.834992886259232137e+01
-8.999999999999992895e+01 8.834312005981206539e+01
-8.599999999999990052e+01 8.833706812328188107e+01
-8.199999999999991473e+01 8.833188102400441721e+01
-7.799999999999992895e+01 8.832754408390161416e+01
-7.399999999999990052e+01 8.832390400647830120e+01
-6.999999999999991473e+01 8.832067055013453682e+01
-6.599999999999992895e+01 8.831743854151864070e+01
-6.199999999999989342e+01 8.831373114674619274e+01
-5.799999999999990763e+01 8.830906340591644721e+01
-5.399999999999992895e+01 8.830302261112859696e+01
-4.999999999999989342e+01 8.829536016356934169e+01
-4.599999999999990763e+01 8.828608788477197322e+01
-4.199999999999992895e+01 8.827557104244766606e+01
-3.799999999999989342e+01 8.826461100464143783e+01
-3.399999999999990763e+01 8.825451207012088162e+01
-2.999999999999992539e+01 8.824712944027902495e+01
-2.599999999999988987e+01 8.824489724848154992e+01
-2.199999999999990408e+01 8.825083598309100807e+01
-1.799999999999986855e+01 8.826853608618779390e+01
-1.399999999999988631e+01 8.830210804662914370e+01
-9.999999999999904077e+00 8.835607843696647024e+01
-5.999999999999920952e+00 8.843558876029908333e+01
-1.999999999999938494e+00 8.854473553219270343e+01
2.000000000000150102e+00 8.868739860862547175e+01
6.000000000000133227e+00 8.886631018652195735e+01
1.000000000000011546e+01 8.908203543947200842e+01
1.400000000000009948e+01 8.933188918820059143e+01
1.800000000000008171e+01 8.960896274625423530e+01
2.200000000000006395e+01 8.990265935438014822e+01
2.600000000000004619e+01 9.019980138481457743e+01
3.000000000000013500e+01 9.048698673527985648e+01
3.400000000000012079e+01 9.074569290396243559e+01
3.800000000000009948e+01 9.095991799303425296e+01
4.200000000000008527e+01 9.113056899202518935e+01
4.600000000000007105e+01 9.126805018435186412e+01
5.000000000000004974e+01 9.138794642441297356e+01
5.400000000000014211e+01 9.150314407582322929e+01
5.800000000000012079e+01 9.161363395457811976e+01
6.200000000000010658e+01 9.167732004595023909e+01
6.600000000000008527e+01 9.164245749447559319e+01
7.000000000000007105e+01 9.108661382490407732e+01
