-4.979999999999999432e+02 8.306052549337607616e+01
-4.939999999999999432e+02 8.384604882858576502e+01
-4.899999999999999432e+02 8.437195022197090566e+01
-4.859999999999998863e+02 8.480769811105864164e+01
-4.819999999999998863e+02 8.519495212207010582e+01
-4.779999999999998863e+02 8.554500007066042144e+01
-4.739999999999999432e+02 8.585035651263018508e+01
-4.699999999999999432e+02 8.610388095621948423e+01
-4.659999999999998863e+02 8.630492939123450924e+01
-4.619999999999999432e+02 8.645979428078925366e+01
-4.579999999999999432e+02 8.657948091290325010e+01
-4.539999999999998863e+02 8.667682058323237015e+01
-4.499999999999999432e+02 8.676411796608624627e+01
-4.459999999999999432e+02 8.685173087369321365e+01
-4.419999999999998863e+02 8.694746747626504657e+01
-4.379999999999999432e+02 8.705648383919555044e+01
-4.339999999999999432e+02 8.718138937619607987e+01
-4.299999999999998863e+02 8.732240547101810080e+01
-4.259999999999999432e+02 8.747756373568728350e+01
-4.219999999999999432e+02 8.764300190970811855e+01
-4.179999999999999432e+02 8.781320310892004954e+01
-4.139999999999999432e+02 8.798113671754856568e+01
-4.099999999999999432e+02 8.814126701494370764e+01
-4.059999999999998863e+02 8.828841131581759782e+01
-4.019999999999999432e+02 8.841731846393946626e+01
-3.979999999999999432e+02 8.852387413637353575e+01
-3.939999999999999432e+02 8.860533372569358335e+01
-3.899999999999999432e+02 8.866038319965213077e+01
-3.859999999999999432e+02 8.868904780277711097e+01
-3.819999999999998863e+02 8.869248919651829510e+01
-3.779999999999999432e+02 8.867274227489087934e+01
-3.739999999999999432e+02 8.863244218799337659e+01
-3.699999999999999432e+02 8.857458155154472479e+01
-3.659999999999999432e+02 8.850232109788998969e+01
-3.619999999999999432e+02 8.841885849390536123e+01
-3.579999999999998863e+02 8.832734443385942313e+01
-3.539999999999998863e+02 8.823082543740736128e+01
-3.499999999999999432e+02 8.813219123982042902e+01
-3.459999999999999432e+02 8.803411071690322842e+01
-3.419999999999998863e+02 8.793895174110980406e+01
-3.379999999999999432e+02 8.784869244208374539e+01
-3.339999999999998863e+02 8.776484033244247485e+01
-3.299999999999998863e+02 8.768837809088086033e+01
-3.259999999999999432e+02 8.761975034305282861e+01
-3.219999999999999432e+02 8.755889643134906919e+01
-3.179999999999998863e+02 8.750532399896940206e+01
-3.139999999999999432e+02 8.745821008950514397e+01
-3.099999999999998863e+02 8.741651281046944177e+01
-3.059999999999998863e+02 8.737907765705472229e+01
-3.019999999999999432e+02 8.734472125599324954e+01
-2.979999999999999432e+02 8.731232629004108503e+01
-2.939999999999999432e+02 8.728087051657030315e+01
-2.899999999999999432e+02 8.724942979734515802e+01
-2.859999999999998863e+02 8.721722404709458942e+01
-2.819999999999998863e+02 8.718363937013350551e+01
-2.779999999999999432e+02 8.714825209816336837e+01
-2.739999999999999432e+02 8.711085357381091399e+01
-2.699999999999999432e+02 8.707147055495931909e+01
-2.659999999999999432e+02 8.703037363126065884e+01
-2.619999999999998863e+02 8.698806628975239619e+01
-2.579999999999998863e+02 8.694525015087236852e+01
-2.539999999999999147e+02 8.690276667516326370e+01
-2.499999999999999432e+02 8.686152096034999204e+01
-2.459999999999998863e+02 8.682239721658299914e+01
-2.419999999999999147e+02 8.678617715306506852e+01
-2.379999999999999432e+02 8.675347132287475915e+01
-2.339999999999998863e+02 8.672467029024664953e+01
-2.299999999999999147e+02 8.669991813682736392e+01
-2.259999999999999432e+02 8.667910719450748047e+01
-2.219999999999998863e+02 8.666189058182675353e+01
-2.179999999999999147e+02 8.664770846250257819e+01
-2.139999999999999432e+02 8.663582495151121066e+01
-2.099999999999998863e+02 8.662537397886461576e+01
-2.059999999999999147e+02 8.661541354559238926e+01
-2.019999999999999432e+02 8.660498792105289567e+01
-1.979999999999998863e+02 8.659319622085973833e+01
-1.939999999999999147e+02 8.657926373241252804e+01
-1.899999999999999147e+02 8.656260985839924160e+01
-1.859999999999998863e+02 8.654290490892373100e+01
-1.819999999999999147e+02 8.652010765034088990e+01
-1.779999999999999147e+02 8.649447686490628939e+01
-1.739999999999998863e+02 8.646655343084535161e+01
-1.699999999999999147e+02 8.643711368670636830e+01
-1.659999999999999147e+02 8.640709916361458909e+01
-1.619999999999998863e+02 8.637753126202159137e+01
-1.579999999999999147e+02 8.634942146453727219e+01
-1.539999999999999147e+02 8.632368740291400400e+01
-1.499999999999998863e+02 8.630108325835931282e+01
-1.459999999999999147e+02 8.628215030220070503e+01
-1.419999999999999147e+02 8.626719000905035273e+01
-1.379999999999998863e+02 8.625625957803930532e+01
-1.339999999999999147e+02 8.624918780560898313e+01
-1.299999999999999147e+02 8.624560793622970323e+01
-1.259999999999998863e+02 8.624500349153123580e+01
-1.219999999999999005e+02 8.624676229644609293e+01
-1.179999999999999147e+02 8.625023319742695094e+01
-1.139999999999998863e+02 8.625477942321253977e+01
-1.099999999999999005e+02 8.625982153318796009e+01
-1.059999999999999147e+02 8.626482619563228127e+01
-1.019999999999999289e+02 8.626944404905708552e+01
-9.799999999999990052e+01 8.627336904359088976e+01
-9.399999999999991473e+01 8.627635686974065266e+01
-8.999999999999992895e+01 8.627818731259537799e+01
-8.599999999999990052e+01 8.627862345166624891e+01
-8.199999999999991473e+01 8.627735731527309326e+01
-7.799999999999992895e+01 8.627390956477233885e+01
-7.399999999999990052e+01 8.626791956253828175e+01
-6.999999999999991473e+01 8.625891389772931461e+01
-6.599999999999992895e+01 8.624643150612899944e+01
-6.199999999999989342e+01 8.623008729687973073e+01
-5.799999999999990763e+01 8.620964339660690712e+01
-5.399999999999992895e+01 8.618508302113787067e+01
-4.999999999999989342e+01 8.615668736169004660e+01
-4.599999999999990763e+01 8.612512271431234012e+01
-4.199999999999992895e+01 8.609155126408876413e+01
-3.799999999999989342e+01 8.605778054069054406e+01
-3.399999999999990763e+01 8.602646007838973219e+01
-2.999999999999992539e+01 8.600131722083693830e+01
-2.599999999999988987e+01 8.598739794724622243e+01
-2.199999999999990408e+01 8.599124685444661509e+01
-1.799999999999986855e+01 8.602172393082048529e+01
-1.399999999999988631e+01 8.608801606295611464e+01
-9.999999999999904077e+00 8.619923694572997874e+01
-5.999999999999920952e+00 8.636427772461860286e+01
-1.999999999999938494e+00 8.659000179108801376e+01
2.000000000000150102e+00 8.687944864630190978e+01
6.000000000000133227e+00 8.722976920762278041e+01
1.000000000000011546e+01 8.763013502536119859e+01
1.400000000000009948e+01 8.806009663352466532e+01
1.800000000000008171e+01 8.850042009121784758e+01
2.200000000000006395e+01 8.889858876084207395e+01
2.600000000000004619e+01 8.920568763584219596e+01
3.000000000000013500e+01 8.938999690217411853e+01
3.400000000000012079e+01 8.941083968737814303e+01
3.800000000000009948e+01 8.923488343873134454e+01
4.200000000000008527e+01 8.892504633440256612e+01
4.600000000000007105e+01 8.853694200827482064e+01
5.000000000000004974e+01 8.812711476770056152e+01
5.400000000000014211e+01 8.774371305376979535e+01
5.800000000000012079e+01 8.741476926108998668e+01
